SINGLE LOGITS: 
tensor([[[-1.2996e-01, -6.1390e-02, -4.8001e-02,  1.1209e-01,  5.1009e-02,
           1.3883e-01,  9.0701e-03, -6.0376e-02, -4.6414e-02, -3.9795e-02],
         [-1.7244e-01, -4.5962e-02, -2.7690e-02,  4.8241e-02,  7.7639e-02,
           1.2226e-01, -4.1531e-02, -1.3147e-01, -5.1402e-02, -5.4864e-02],
         [-1.3462e-01,  2.9498e-04, -7.0054e-02,  5.0313e-02,  3.6998e-02,
           1.7728e-01,  5.4746e-02, -9.8257e-02, -5.2257e-02,  1.2317e-03],
         [-8.6549e-02, -5.8014e-02, -6.6881e-03,  5.2562e-02,  7.0440e-02,
           1.1597e-01, -9.9594e-02, -1.4044e-01, -4.6677e-02, -6.3090e-02],
         [-9.2493e-02, -5.4968e-02, -4.0167e-02,  8.7121e-02,  2.6660e-02,
           1.3380e-01, -6.6050e-03, -9.4635e-02, -6.9979e-02, -3.4383e-02],
         [-1.1469e-01, -4.5554e-02, -7.7920e-02,  4.6722e-02,  4.2271e-02,
           1.3511e-01,  5.2885e-02, -6.4572e-02, -5.2416e-02, -1.5478e-02],
         [-1.0385e-01, -4.3763e-02, -3.6402e-02,  1.3715e-01, -1.6397e-03,
           1.4877e-01, -2.6987e-02, -6.6800e-02, -4.7067e-02, -2.8772e-02],
         [-8.3455e-02, -6.5357e-02, -3.3155e-02,  9.5069e-02,  4.6583e-02,
           1.2053e-01, -4.0492e-02, -9.9159e-02, -3.8853e-02, -5.1705e-02],
         [-9.2000e-02, -2.0230e-02, -1.5150e-02,  5.4748e-02,  5.1850e-02,
           1.5855e-01,  3.8267e-02, -8.7954e-02, -9.4933e-02, -8.9930e-03],
         [-1.2868e-01, -7.4303e-02, -3.8994e-02,  1.4391e-01,  1.9904e-02,
           1.2178e-01,  7.3037e-03, -7.1790e-02, -6.4253e-02, -3.8900e-02]],

        [[-1.3253e-01, -5.3994e-02, -4.5290e-02,  1.1092e-01,  5.8254e-02,
           1.4533e-01,  1.3637e-02, -6.4433e-02, -5.5879e-02, -3.4627e-02],
         [-1.5790e-01, -4.7262e-02, -4.1426e-02,  4.8414e-02,  6.9962e-02,
           1.0936e-01, -4.0708e-02, -1.2832e-01, -5.1763e-02, -5.3963e-02],
         [-1.2505e-01,  8.2351e-04, -6.7761e-02,  4.1249e-02,  5.0224e-02,
           1.7907e-01,  5.5733e-02, -1.0071e-01, -5.5519e-02,  2.9884e-03],
         [-8.7770e-02, -6.5362e-02, -6.2779e-03,  5.3063e-02,  7.1872e-02,
           1.0786e-01, -1.0109e-01, -1.3646e-01, -4.6729e-02, -7.3379e-02],
         [-9.5673e-02, -4.6967e-02, -3.8080e-02,  8.2093e-02,  4.0356e-02,
           1.4503e-01,  1.5937e-03, -9.5801e-02, -6.3581e-02, -2.6955e-02],
         [-1.1755e-01, -4.3950e-02, -7.5802e-02,  4.5147e-02,  5.4679e-02,
           1.3607e-01,  5.3405e-02, -5.9120e-02, -5.0428e-02, -2.0814e-02],
         [-1.0338e-01, -4.7726e-02, -3.1694e-02,  1.3549e-01,  3.1669e-03,
           1.4504e-01, -3.2018e-02, -7.0746e-02, -4.5720e-02, -3.3949e-02],
         [-7.4166e-02, -6.5401e-02, -3.1081e-02,  9.5895e-02,  5.8275e-02,
           1.2401e-01, -4.8262e-02, -9.7277e-02, -3.8075e-02, -5.6634e-02],
         [-8.6747e-02, -1.8255e-02, -1.6707e-02,  4.5817e-02,  5.7330e-02,
           1.6674e-01,  4.4396e-02, -7.8070e-02, -1.0400e-01,  5.1944e-03],
         [-1.3443e-01, -7.7892e-02, -3.6802e-02,  1.4882e-01,  1.8113e-02,
           1.2391e-01,  1.2491e-02, -7.4244e-02, -6.7257e-02, -3.6167e-02]],

        [[-1.2759e-01, -6.1002e-02, -4.7045e-02,  1.0390e-01,  5.3934e-02,
           1.3969e-01,  1.0643e-02, -5.1461e-02, -5.5966e-02, -4.8568e-02],
         [-1.6580e-01, -5.5240e-02, -2.8603e-02,  5.2873e-02,  6.7528e-02,
           1.1682e-01, -3.5153e-02, -1.2559e-01, -4.9018e-02, -4.3233e-02],
         [-1.2032e-01, -1.6803e-04, -7.2035e-02,  3.4246e-02,  2.7220e-02,
           1.9771e-01,  5.6289e-02, -9.4241e-02, -7.1889e-02,  1.4420e-02],
         [-7.9497e-02, -6.6705e-02, -3.0672e-03,  4.7572e-02,  6.6169e-02,
           1.1605e-01, -9.3484e-02, -1.4242e-01, -6.0419e-02, -6.5090e-02],
         [-9.8855e-02, -5.5459e-02, -4.6559e-02,  8.7440e-02,  1.2612e-02,
           1.3704e-01, -3.2667e-03, -9.0029e-02, -6.6350e-02, -2.6064e-02],
         [-1.1195e-01, -3.3833e-02, -7.6939e-02,  5.0018e-02,  5.4068e-02,
           1.4209e-01,  4.7675e-02, -6.7219e-02, -3.9088e-02, -1.4165e-02],
         [-1.0022e-01, -3.8991e-02, -3.3162e-02,  1.4477e-01,  1.2992e-02,
           1.4532e-01, -3.4621e-02, -8.1813e-02, -4.1721e-02, -2.6408e-02],
         [-8.3259e-02, -6.5550e-02, -2.9638e-02,  9.7174e-02,  5.1750e-02,
           1.1786e-01, -4.5701e-02, -1.0242e-01, -3.7096e-02, -5.2655e-02],
         [-9.2179e-02, -2.5426e-02, -2.0409e-02,  4.8487e-02,  4.7597e-02,
           1.6267e-01,  2.7339e-02, -7.7393e-02, -8.9201e-02, -3.5106e-03],
         [-1.3224e-01, -7.9792e-02, -3.6413e-02,  1.4898e-01,  2.4267e-02,
           1.1649e-01,  1.2799e-02, -7.4508e-02, -6.2521e-02, -4.2185e-02]],

        [[-1.2433e-01, -6.4462e-02, -4.6862e-02,  1.0806e-01,  5.1589e-02,
           1.3832e-01,  7.8704e-03, -5.4802e-02, -5.3576e-02, -4.6194e-02],
         [-1.6675e-01, -5.2083e-02, -3.2125e-02,  4.9380e-02,  6.6658e-02,
           1.2251e-01, -2.8195e-02, -1.2367e-01, -5.4250e-02, -4.1549e-02],
         [-1.2017e-01, -9.0840e-03, -5.9951e-02,  4.4863e-02,  3.6071e-02,
           1.8435e-01,  5.5792e-02, -9.4268e-02, -6.6474e-02,  2.9231e-03],
         [-8.6037e-02, -6.2656e-02, -5.3106e-03,  4.3198e-02,  6.4163e-02,
           1.1938e-01, -8.6856e-02, -1.4306e-01, -6.4837e-02, -6.4466e-02],
         [-9.5965e-02, -5.7527e-02, -4.1475e-02,  9.6595e-02,  1.7204e-02,
           1.3552e-01, -1.2926e-02, -9.1647e-02, -6.3454e-02, -3.1047e-02],
         [-1.0959e-01, -3.6460e-02, -7.6192e-02,  5.0504e-02,  5.4389e-02,
           1.4262e-01,  4.6636e-02, -6.9464e-02, -4.1584e-02, -1.8654e-02],
         [-1.0030e-01, -4.3043e-02, -3.3575e-02,  1.3892e-01,  9.8086e-03,
           1.4474e-01, -2.9487e-02, -7.4985e-02, -4.2123e-02, -3.0710e-02],
         [-8.5289e-02, -6.8249e-02, -3.0935e-02,  9.4057e-02,  4.6835e-02,
           1.1667e-01, -4.0302e-02, -1.0292e-01, -3.4962e-02, -5.4276e-02],
         [-9.3103e-02, -2.5162e-02, -1.9607e-02,  5.0732e-02,  4.8413e-02,
           1.5966e-01,  2.5349e-02, -7.8210e-02, -9.1095e-02, -4.3154e-03],
         [-1.3169e-01, -8.0933e-02, -3.6369e-02,  1.4865e-01,  2.6317e-02,
           1.1593e-01,  1.2117e-02, -7.4819e-02, -6.3374e-02, -4.2004e-02]],

        [[-1.2839e-01, -6.1150e-02, -4.8065e-02,  1.1000e-01,  5.1619e-02,
           1.3958e-01,  8.3968e-03, -5.9705e-02, -4.7391e-02, -4.2030e-02],
         [-1.7071e-01, -4.7477e-02, -2.6387e-02,  5.0035e-02,  7.8390e-02,
           1.2400e-01, -4.1343e-02, -1.2950e-01, -4.8723e-02, -5.4749e-02],
         [-1.3098e-01, -1.7853e-03, -6.9671e-02,  4.8448e-02,  3.3557e-02,
           1.8251e-01,  5.2075e-02, -9.5435e-02, -5.4859e-02,  1.4392e-03],
         [-8.4494e-02, -6.2118e-02, -5.8395e-03,  5.2522e-02,  6.7620e-02,
           1.1721e-01, -9.3119e-02, -1.4125e-01, -5.1564e-02, -6.2573e-02],
         [-9.4672e-02, -5.4992e-02, -4.0945e-02,  8.8825e-02,  2.2260e-02,
           1.3308e-01, -5.7481e-03, -9.4152e-02, -7.0570e-02, -3.3072e-02],
         [-1.1674e-01, -3.9637e-02, -7.6051e-02,  4.7810e-02,  4.6858e-02,
           1.3891e-01,  5.3367e-02, -6.4935e-02, -4.5889e-02, -1.4596e-02],
         [-1.0181e-01, -4.1659e-02, -3.6629e-02,  1.3951e-01,  2.7477e-03,
           1.4639e-01, -2.5832e-02, -7.2170e-02, -4.6134e-02, -2.5381e-02],
         [-8.3625e-02, -6.4636e-02, -3.0818e-02,  9.7107e-02,  4.8438e-02,
           1.1786e-01, -4.3657e-02, -1.0227e-01, -3.7311e-02, -4.9592e-02],
         [-9.0881e-02, -2.3795e-02, -1.6456e-02,  5.3977e-02,  4.8762e-02,
           1.5945e-01,  3.4857e-02, -8.7710e-02, -9.4024e-02, -1.0829e-02],
         [-1.2934e-01, -7.4619e-02, -3.9229e-02,  1.4401e-01,  2.0852e-02,
           1.1967e-01,  8.9369e-03, -7.2927e-02, -6.5073e-02, -3.8655e-02]],

        [[-1.2891e-01, -6.1743e-02, -4.6123e-02,  1.0123e-01,  5.4295e-02,
           1.3932e-01,  1.2206e-02, -4.9414e-02, -5.8425e-02, -5.2245e-02],
         [-1.6347e-01, -5.4574e-02, -2.9577e-02,  5.5081e-02,  6.9510e-02,
           1.1803e-01, -3.9187e-02, -1.2277e-01, -4.9837e-02, -4.3954e-02],
         [-1.1636e-01, -1.7248e-03, -7.4332e-02,  2.7220e-02,  2.4497e-02,
           2.0162e-01,  5.7307e-02, -8.8759e-02, -7.0180e-02,  1.0506e-02],
         [-7.6972e-02, -6.6827e-02, -4.0274e-03,  4.8994e-02,  6.2891e-02,
           1.1133e-01, -9.5676e-02, -1.4186e-01, -5.9470e-02, -6.3545e-02],
         [-9.5162e-02, -5.5991e-02, -4.4879e-02,  8.3355e-02,  1.4014e-02,
           1.3411e-01,  2.5904e-03, -8.6726e-02, -6.0247e-02, -1.9937e-02],
         [-1.1121e-01, -3.5036e-02, -7.5142e-02,  4.9286e-02,  5.8055e-02,
           1.4116e-01,  4.8267e-02, -6.7744e-02, -3.6482e-02, -1.4792e-02],
         [-1.0059e-01, -3.8516e-02, -3.1622e-02,  1.4290e-01,  1.4912e-02,
           1.4288e-01, -3.7341e-02, -8.5030e-02, -3.6251e-02, -2.7149e-02],
         [-8.4301e-02, -6.5633e-02, -2.8366e-02,  9.6651e-02,  5.3501e-02,
           1.1720e-01, -4.7330e-02, -1.0430e-01, -3.6447e-02, -5.3730e-02],
         [-9.4684e-02, -2.5011e-02, -2.1820e-02,  4.8439e-02,  4.7156e-02,
           1.6287e-01,  2.5731e-02, -7.3401e-02, -8.3547e-02, -8.2222e-04],
         [-1.3133e-01, -7.9412e-02, -3.5791e-02,  1.4790e-01,  2.6315e-02,
           1.1581e-01,  1.2831e-02, -7.5560e-02, -6.3740e-02, -4.1090e-02]],

        [[-1.2860e-01, -5.8192e-02, -4.9089e-02,  1.1456e-01,  5.2651e-02,
           1.4384e-01,  9.3465e-03, -5.9951e-02, -4.9881e-02, -3.7435e-02],
         [-1.6424e-01, -4.6716e-02, -3.1613e-02,  4.5375e-02,  7.7443e-02,
           1.2567e-01, -4.2094e-02, -1.2294e-01, -5.4138e-02, -5.5632e-02],
         [-1.3217e-01, -4.1430e-03, -6.2919e-02,  4.6863e-02,  4.7291e-02,
           1.7721e-01,  5.7424e-02, -9.3543e-02, -6.1969e-02, -3.7430e-03],
         [-8.3270e-02, -6.3104e-02, -8.2842e-03,  4.3475e-02,  7.2566e-02,
           1.1661e-01, -1.0437e-01, -1.3723e-01, -5.4207e-02, -6.9774e-02],
         [-9.4800e-02, -5.3706e-02, -3.8933e-02,  8.5455e-02,  2.9502e-02,
           1.3284e-01, -3.8722e-03, -9.4812e-02, -6.5153e-02, -3.2355e-02],
         [-1.1719e-01, -4.0332e-02, -7.3877e-02,  4.4777e-02,  4.5901e-02,
           1.3910e-01,  5.5410e-02, -6.9247e-02, -4.9747e-02, -1.3459e-02],
         [-9.9657e-02, -3.8878e-02, -3.5799e-02,  1.3819e-01,  3.3572e-03,
           1.4482e-01, -2.6239e-02, -7.4889e-02, -5.0758e-02, -2.5336e-02],
         [-8.3210e-02, -6.4467e-02, -2.8271e-02,  9.8613e-02,  4.9218e-02,
           1.1836e-01, -4.5523e-02, -1.0152e-01, -3.6038e-02, -5.1609e-02],
         [-9.6307e-02, -2.5532e-02, -2.0249e-02,  5.3726e-02,  4.8935e-02,
           1.5932e-01,  3.3079e-02, -8.4176e-02, -9.1761e-02, -1.3346e-02],
         [-1.2858e-01, -7.7032e-02, -3.8132e-02,  1.4488e-01,  2.5788e-02,
           1.1530e-01,  8.4427e-03, -7.3626e-02, -6.2146e-02, -4.0733e-02]],

        [[-1.2414e-01, -6.4402e-02, -4.6804e-02,  1.0713e-01,  5.2205e-02,
           1.3769e-01,  7.5029e-03, -5.3333e-02, -5.4083e-02, -4.7298e-02],
         [-1.6668e-01, -5.2982e-02, -3.1519e-02,  5.0569e-02,  6.7611e-02,
           1.2274e-01, -2.9379e-02, -1.2383e-01, -5.3125e-02, -4.3054e-02],
         [-1.2051e-01, -8.1660e-03, -6.1528e-02,  4.2124e-02,  3.3762e-02,
           1.8796e-01,  5.5973e-02, -9.3335e-02, -6.8014e-02,  3.5902e-03],
         [-8.5765e-02, -6.3818e-02, -4.9092e-03,  4.5284e-02,  6.2154e-02,
           1.1820e-01, -8.6219e-02, -1.4222e-01, -6.4573e-02, -6.2971e-02],
         [-9.5976e-02, -5.6657e-02, -4.1846e-02,  9.4936e-02,  1.6277e-02,
           1.3698e-01, -1.2653e-02, -9.0686e-02, -6.3312e-02, -3.0507e-02],
         [-1.0969e-01, -3.5775e-02, -7.5769e-02,  5.0933e-02,  5.4423e-02,
           1.4323e-01,  4.6843e-02, -6.9039e-02, -3.9921e-02, -1.7575e-02],
         [-9.9811e-02, -4.3249e-02, -3.4050e-02,  1.3955e-01,  1.1036e-02,
           1.4435e-01, -2.9365e-02, -7.5902e-02, -4.1187e-02, -2.9782e-02],
         [-8.5607e-02, -6.8277e-02, -3.0180e-02,  9.3974e-02,  4.7780e-02,
           1.1653e-01, -4.1486e-02, -1.0366e-01, -3.5430e-02, -5.4199e-02],
         [-9.3007e-02, -2.5579e-02, -2.0646e-02,  5.1015e-02,  4.7641e-02,
           1.5965e-01,  2.5224e-02, -7.8275e-02, -9.0169e-02, -4.2437e-03],
         [-1.3090e-01, -8.0949e-02, -3.7245e-02,  1.4848e-01,  2.6885e-02,
           1.1499e-01,  1.1969e-02, -7.4443e-02, -6.3028e-02, -4.2462e-02]],

        [[-1.2706e-01, -5.9826e-02, -4.8167e-02,  1.0401e-01,  5.3932e-02,
           1.4132e-01,  1.0836e-02, -4.9830e-02, -5.9199e-02, -4.7873e-02],
         [-1.6006e-01, -5.3003e-02, -2.9482e-02,  5.5681e-02,  7.0342e-02,
           1.1677e-01, -4.0189e-02, -1.2487e-01, -4.7861e-02, -4.4589e-02],
         [-1.1702e-01, -2.1856e-03, -7.2089e-02,  3.1012e-02,  2.7360e-02,
           1.9882e-01,  5.4226e-02, -8.9971e-02, -6.9031e-02,  9.5458e-03],
         [-7.6900e-02, -6.7882e-02, -3.2310e-03,  5.0971e-02,  6.5264e-02,
           1.1358e-01, -9.3839e-02, -1.4080e-01, -5.8615e-02, -6.3085e-02],
         [-9.4953e-02, -5.4729e-02, -4.3157e-02,  8.2440e-02,  1.6064e-02,
           1.3701e-01,  1.6370e-03, -8.7882e-02, -6.2349e-02, -2.2284e-02],
         [-1.1266e-01, -3.4021e-02, -7.4796e-02,  4.9298e-02,  5.5705e-02,
           1.4322e-01,  4.9131e-02, -6.7898e-02, -3.9167e-02, -1.4591e-02],
         [-1.0246e-01, -3.9288e-02, -3.1931e-02,  1.4372e-01,  1.3660e-02,
           1.4178e-01, -3.5324e-02, -8.4378e-02, -3.8858e-02, -2.6469e-02],
         [-8.2782e-02, -6.5527e-02, -2.7226e-02,  9.6946e-02,  5.3713e-02,
           1.1771e-01, -4.8038e-02, -1.0380e-01, -3.8000e-02, -5.3100e-02],
         [-9.4152e-02, -2.6273e-02, -2.0582e-02,  5.0257e-02,  4.8329e-02,
           1.6218e-01,  2.7363e-02, -7.5378e-02, -8.4556e-02, -4.3856e-03],
         [-1.3102e-01, -7.9566e-02, -3.6026e-02,  1.4752e-01,  2.5791e-02,
           1.1658e-01,  1.1968e-02, -7.4977e-02, -6.2613e-02, -4.1314e-02]],

        [[-1.2429e-01, -6.2615e-02, -4.6187e-02,  1.0852e-01,  5.1375e-02,
           1.3894e-01,  7.4330e-03, -5.4760e-02, -5.2702e-02, -4.5290e-02],
         [-1.6736e-01, -5.2996e-02, -3.1334e-02,  4.9088e-02,  6.5033e-02,
           1.2117e-01, -2.7866e-02, -1.2455e-01, -5.3850e-02, -4.0574e-02],
         [-1.2037e-01, -6.2835e-03, -5.9969e-02,  4.4438e-02,  3.7751e-02,
           1.8472e-01,  5.6126e-02, -9.5910e-02, -6.6755e-02,  5.1172e-03],
         [-8.4923e-02, -6.0801e-02, -6.3374e-03,  4.2714e-02,  6.5498e-02,
           1.2081e-01, -9.0492e-02, -1.4196e-01, -6.4522e-02, -6.4593e-02],
         [-9.6023e-02, -5.6699e-02, -4.2520e-02,  9.5091e-02,  1.8421e-02,
           1.3411e-01, -1.2016e-02, -9.2626e-02, -6.4919e-02, -3.0407e-02],
         [-1.1044e-01, -3.6934e-02, -7.6868e-02,  5.0133e-02,  5.3204e-02,
           1.4120e-01,  4.6514e-02, -6.9522e-02, -4.1637e-02, -1.8764e-02],
         [-9.9703e-02, -4.2496e-02, -3.4182e-02,  1.3865e-01,  9.2569e-03,
           1.4561e-01, -2.9988e-02, -7.4294e-02, -4.3283e-02, -2.9510e-02],
         [-8.4300e-02, -6.8286e-02, -3.1809e-02,  9.3784e-02,  4.6084e-02,
           1.1702e-01, -3.9259e-02, -1.0221e-01, -3.4930e-02, -5.4944e-02],
         [-9.3452e-02, -2.5395e-02, -2.0138e-02,  5.1337e-02,  4.7934e-02,
           1.5942e-01,  2.6193e-02, -7.8325e-02, -9.0731e-02, -4.8357e-03],
         [-1.3144e-01, -8.0576e-02, -3.6358e-02,  1.4864e-01,  2.6713e-02,
           1.1560e-01,  1.2588e-02, -7.4390e-02, -6.2980e-02, -4.2421e-02]],

        [[-1.2415e-01, -6.2956e-02, -4.6889e-02,  1.0821e-01,  5.1780e-02,
           1.3897e-01,  7.1317e-03, -5.3917e-02, -5.3998e-02, -4.5781e-02],
         [-1.6689e-01, -5.3625e-02, -3.0800e-02,  4.9942e-02,  6.5922e-02,
           1.1970e-01, -2.9604e-02, -1.2503e-01, -5.2231e-02, -4.1461e-02],
         [-1.2164e-01, -5.3326e-03, -6.3358e-02,  4.4249e-02,  3.4996e-02,
           1.8689e-01,  5.5687e-02, -9.6331e-02, -6.8527e-02,  7.1535e-03],
         [-8.3268e-02, -6.3511e-02, -5.1585e-03,  4.3876e-02,  6.4593e-02,
           1.2126e-01, -8.9799e-02, -1.4253e-01, -6.3884e-02, -6.3953e-02],
         [-9.5944e-02, -5.6180e-02, -4.3031e-02,  9.3235e-02,  1.6240e-02,
           1.3598e-01, -1.1951e-02, -9.2202e-02, -6.6229e-02, -3.0120e-02],
         [-1.1079e-01, -3.5511e-02, -7.6432e-02,  5.1049e-02,  5.1652e-02,
           1.4241e-01,  4.7221e-02, -6.8397e-02, -4.1169e-02, -1.7557e-02],
         [-1.0025e-01, -4.1791e-02, -3.4113e-02,  1.4094e-01,  9.9429e-03,
           1.4537e-01, -2.9657e-02, -7.5999e-02, -4.4442e-02, -2.8176e-02],
         [-8.4140e-02, -6.7192e-02, -3.0562e-02,  9.5628e-02,  4.7300e-02,
           1.1694e-01, -4.1397e-02, -1.0188e-01, -3.6043e-02, -5.3418e-02],
         [-9.3770e-02, -2.6875e-02, -1.9792e-02,  5.1066e-02,  4.7816e-02,
           1.5879e-01,  2.6345e-02, -7.9558e-02, -9.0402e-02, -6.4105e-03],
         [-1.3181e-01, -8.1053e-02, -3.6192e-02,  1.4871e-01,  2.6498e-02,
           1.1503e-01,  1.2205e-02, -7.4458e-02, -6.2186e-02, -4.3136e-02]],

        [[-1.2474e-01, -6.1655e-02, -4.9074e-02,  1.1055e-01,  5.0328e-02,
           1.3999e-01,  6.3440e-03, -5.8665e-02, -4.7300e-02, -4.2100e-02],
         [-1.7023e-01, -4.6424e-02, -2.6707e-02,  4.9798e-02,  7.5774e-02,
           1.2404e-01, -3.7541e-02, -1.3063e-01, -5.0676e-02, -5.1589e-02],
         [-1.3275e-01, -3.5927e-03, -6.4531e-02,  5.1310e-02,  3.7998e-02,
           1.7808e-01,  5.1449e-02, -9.7597e-02, -5.5737e-02, -2.3659e-03],
         [-8.8370e-02, -6.0333e-02, -7.1156e-03,  5.3141e-02,  6.3421e-02,
           1.1815e-01, -9.3273e-02, -1.3988e-01, -5.4539e-02, -6.0178e-02],
         [-8.9353e-02, -5.5201e-02, -3.9282e-02,  8.9375e-02,  2.3537e-02,
           1.3321e-01, -1.2984e-02, -9.2460e-02, -6.6987e-02, -3.4239e-02],
         [-1.1295e-01, -4.0878e-02, -7.5683e-02,  4.7603e-02,  4.4612e-02,
           1.4061e-01,  5.0569e-02, -6.8646e-02, -4.9092e-02, -1.3456e-02],
         [-1.0349e-01, -4.3252e-02, -3.6220e-02,  1.3779e-01,  1.7324e-03,
           1.4613e-01, -2.4701e-02, -7.0224e-02, -4.6688e-02, -2.7279e-02],
         [-8.4807e-02, -6.6812e-02, -3.3118e-02,  9.5628e-02,  4.3214e-02,
           1.1753e-01, -3.8486e-02, -1.0072e-01, -3.5285e-02, -5.2251e-02],
         [-9.3207e-02, -2.3913e-02, -1.7936e-02,  5.7300e-02,  5.0181e-02,
           1.5583e-01,  3.2679e-02, -8.6729e-02, -9.1442e-02, -1.3667e-02],
         [-1.2787e-01, -7.6374e-02, -3.8934e-02,  1.4277e-01,  2.4076e-02,
           1.1731e-01,  8.1516e-03, -7.1731e-02, -6.2722e-02, -4.1762e-02]],

        [[-1.2487e-01, -6.0990e-02, -4.6082e-02,  1.0903e-01,  5.3552e-02,
           1.3906e-01,  9.0460e-03, -5.9155e-02, -5.2080e-02, -4.1831e-02],
         [-1.6392e-01, -5.1956e-02, -3.4904e-02,  4.8146e-02,  6.3957e-02,
           1.1983e-01, -2.8690e-02, -1.2437e-01, -5.5290e-02, -4.2424e-02],
         [-1.1979e-01, -4.9305e-03, -5.8598e-02,  4.6334e-02,  4.2608e-02,
           1.8000e-01,  5.5519e-02, -1.0067e-01, -6.3928e-02,  5.9486e-03],
         [-8.8369e-02, -6.2411e-02, -6.3598e-03,  4.3896e-02,  6.6474e-02,
           1.1774e-01, -9.2324e-02, -1.4287e-01, -5.9265e-02, -6.7623e-02],
         [-9.4874e-02, -5.5044e-02, -4.1987e-02,  9.5314e-02,  2.4633e-02,
           1.3713e-01, -1.1388e-02, -9.3221e-02, -6.3023e-02, -2.9817e-02],
         [-1.1125e-01, -3.9416e-02, -7.7134e-02,  4.7948e-02,  5.3198e-02,
           1.4114e-01,  4.7711e-02, -6.8604e-02, -4.6346e-02, -2.0873e-02],
         [-1.0098e-01, -4.6520e-02, -3.3280e-02,  1.3556e-01,  7.7697e-03,
           1.4451e-01, -2.9948e-02, -7.1526e-02, -4.3202e-02, -3.4526e-02],
         [-8.0704e-02, -6.7699e-02, -3.2630e-02,  9.4579e-02,  4.8467e-02,
           1.1949e-01, -3.9142e-02, -9.9025e-02, -3.4496e-02, -5.5540e-02],
         [-9.1507e-02, -2.2450e-02, -1.8751e-02,  5.0636e-02,  5.1216e-02,
           1.6051e-01,  2.8865e-02, -7.7390e-02, -9.3092e-02, -1.1586e-03],
         [-1.3168e-01, -7.9819e-02, -3.7881e-02,  1.4890e-01,  2.3653e-02,
           1.1864e-01,  1.1700e-02, -7.4176e-02, -6.4172e-02, -3.9557e-02]],

        [[-1.2474e-01, -6.0498e-02, -4.6595e-02,  1.0606e-01,  5.2573e-02,
           1.4097e-01,  1.0218e-02, -5.8292e-02, -5.3235e-02, -4.4603e-02],
         [-1.5814e-01, -5.3551e-02, -3.3958e-02,  4.9810e-02,  6.3509e-02,
           1.2060e-01, -2.9413e-02, -1.2217e-01, -5.2728e-02, -4.2276e-02],
         [-1.2192e-01, -9.6670e-03, -5.8984e-02,  4.3621e-02,  4.2351e-02,
           1.8071e-01,  5.2523e-02, -9.5026e-02, -6.5553e-02, -1.2292e-04],
         [-8.9668e-02, -6.2370e-02, -7.5257e-03,  4.3267e-02,  6.4153e-02,
           1.2111e-01, -8.8571e-02, -1.3834e-01, -6.4610e-02, -6.5244e-02],
         [-9.8394e-02, -5.8066e-02, -3.8873e-02,  9.8388e-02,  2.2446e-02,
           1.3797e-01, -1.2438e-02, -9.1479e-02, -6.2455e-02, -3.1766e-02],
         [-1.0994e-01, -3.6219e-02, -7.6306e-02,  4.8893e-02,  5.6945e-02,
           1.4276e-01,  4.8479e-02, -6.7009e-02, -4.3128e-02, -1.7278e-02],
         [-9.9187e-02, -4.2794e-02, -3.2882e-02,  1.3608e-01,  1.0889e-02,
           1.4339e-01, -3.1095e-02, -7.6202e-02, -4.2622e-02, -3.0700e-02],
         [-8.4240e-02, -6.7044e-02, -3.1976e-02,  9.4998e-02,  4.8205e-02,
           1.1880e-01, -4.0807e-02, -1.0074e-01, -3.3861e-02, -5.3967e-02],
         [-9.0258e-02, -2.2955e-02, -1.9749e-02,  4.8441e-02,  4.9785e-02,
           1.6169e-01,  2.7323e-02, -7.6706e-02, -9.1050e-02, -4.3684e-04],
         [-1.3119e-01, -7.9332e-02, -3.8444e-02,  1.4888e-01,  2.1952e-02,
           1.1928e-01,  1.1497e-02, -7.3617e-02, -6.3059e-02, -4.0417e-02]],

        [[-1.3059e-01, -6.2547e-02, -4.5769e-02,  1.0739e-01,  5.5287e-02,
           1.4007e-01,  1.2899e-02, -5.5122e-02, -5.5505e-02, -4.6517e-02],
         [-1.5936e-01, -5.3282e-02, -3.5229e-02,  4.9683e-02,  6.8238e-02,
           1.1737e-01, -3.4225e-02, -1.2371e-01, -5.0467e-02, -4.6800e-02],
         [-1.2046e-01, -9.0108e-03, -6.3094e-02,  3.3983e-02,  4.0014e-02,
           1.8992e-01,  5.9017e-02, -8.8224e-02, -7.2210e-02,  1.2644e-03],
         [-8.7927e-02, -6.9173e-02, -7.3489e-03,  4.5381e-02,  6.8941e-02,
           1.1451e-01, -9.9455e-02, -1.3585e-01, -5.9523e-02, -7.3609e-02],
         [-1.0179e-01, -5.9611e-02, -4.0403e-02,  9.1122e-02,  2.1704e-02,
           1.4072e-01, -1.3991e-03, -8.8693e-02, -6.4406e-02, -3.1142e-02],
         [-1.1223e-01, -3.7027e-02, -7.5479e-02,  4.6958e-02,  5.9729e-02,
           1.4150e-01,  5.2164e-02, -6.3773e-02, -4.2637e-02, -1.7972e-02],
         [-9.7594e-02, -4.0238e-02, -3.2205e-02,  1.3904e-01,  1.3513e-02,
           1.4266e-01, -3.4215e-02, -8.1803e-02, -4.1687e-02, -2.9369e-02],
         [-8.4955e-02, -6.6189e-02, -2.9164e-02,  9.6033e-02,  5.3322e-02,
           1.1705e-01, -4.7038e-02, -1.0442e-01, -3.7688e-02, -5.1923e-02],
         [-9.1463e-02, -2.2864e-02, -1.9209e-02,  4.8031e-02,  4.9880e-02,
           1.6389e-01,  2.6860e-02, -7.6311e-02, -9.0572e-02, -1.4314e-04],
         [-1.3335e-01, -8.0385e-02, -3.8298e-02,  1.5111e-01,  1.9564e-02,
           1.2012e-01,  1.1288e-02, -7.4814e-02, -6.5031e-02, -3.9499e-02]],

        [[-1.2933e-01, -6.2326e-02, -4.6999e-02,  1.0655e-01,  5.6414e-02,
           1.4074e-01,  1.3954e-02, -6.1152e-02, -5.4964e-02, -4.4170e-02],
         [-1.5462e-01, -5.0077e-02, -3.6173e-02,  4.9847e-02,  6.9920e-02,
           1.2032e-01, -3.5823e-02, -1.2242e-01, -5.2907e-02, -4.8654e-02],
         [-1.2279e-01, -1.2005e-02, -6.4008e-02,  3.8322e-02,  4.0275e-02,
           1.8389e-01,  5.6366e-02, -8.8984e-02, -6.5256e-02, -3.7469e-03],
         [-9.0231e-02, -6.9657e-02, -8.7546e-03,  4.7178e-02,  6.5068e-02,
           1.1408e-01, -9.2394e-02, -1.3622e-01, -6.0738e-02, -7.2773e-02],
         [-1.0043e-01, -5.8659e-02, -3.7502e-02,  9.7444e-02,  2.3922e-02,
           1.3960e-01, -5.9630e-03, -8.8619e-02, -6.2588e-02, -3.3525e-02],
         [-1.1247e-01, -3.6466e-02, -7.4677e-02,  4.6450e-02,  5.8946e-02,
           1.4254e-01,  5.2563e-02, -6.5901e-02, -4.3215e-02, -1.8169e-02],
         [-9.7089e-02, -4.1514e-02, -3.2631e-02,  1.3629e-01,  1.2894e-02,
           1.4177e-01, -3.2075e-02, -7.9823e-02, -4.0042e-02, -3.0047e-02],
         [-8.3340e-02, -6.4429e-02, -2.9577e-02,  9.7083e-02,  5.3485e-02,
           1.1903e-01, -4.6929e-02, -1.0249e-01, -3.6804e-02, -5.0069e-02],
         [-8.8281e-02, -2.1583e-02, -1.8825e-02,  4.6626e-02,  5.1177e-02,
           1.6526e-01,  2.9777e-02, -7.6671e-02, -9.3992e-02,  1.0081e-03],
         [-1.3282e-01, -7.8968e-02, -3.8522e-02,  1.4974e-01,  1.9658e-02,
           1.2092e-01,  1.2342e-02, -7.4538e-02, -6.5941e-02, -3.7789e-02]],

        [[-1.2694e-01, -6.1402e-02, -4.8734e-02,  1.1039e-01,  5.2735e-02,
           1.4017e-01,  9.4459e-03, -5.5561e-02, -5.1935e-02, -4.3293e-02],
         [-1.6303e-01, -4.8025e-02, -3.1253e-02,  4.9574e-02,  7.1988e-02,
           1.2066e-01, -3.4893e-02, -1.2671e-01, -5.3643e-02, -4.5454e-02],
         [-1.2357e-01, -5.9512e-03, -6.5985e-02,  4.1963e-02,  3.5082e-02,
           1.8747e-01,  5.7810e-02, -9.2826e-02, -6.6813e-02,  1.1557e-03],
         [-8.5026e-02, -6.6350e-02, -8.7621e-03,  4.9614e-02,  6.4755e-02,
           1.1531e-01, -9.3105e-02, -1.3668e-01, -5.9546e-02, -6.7376e-02],
         [-9.0737e-02, -5.3371e-02, -4.0212e-02,  8.7740e-02,  2.3595e-02,
           1.3499e-01, -1.0585e-02, -9.1881e-02, -6.5262e-02, -3.1869e-02],
         [-1.1202e-01, -3.7920e-02, -7.6231e-02,  4.9143e-02,  4.7656e-02,
           1.4114e-01,  5.0605e-02, -6.9280e-02, -4.3460e-02, -1.4409e-02],
         [-1.0080e-01, -4.1925e-02, -3.4598e-02,  1.3856e-01,  7.5870e-03,
           1.4462e-01, -2.8773e-02, -7.5441e-02, -4.3421e-02, -2.8522e-02],
         [-8.2151e-02, -6.6058e-02, -2.9490e-02,  9.6294e-02,  4.8917e-02,
           1.1778e-01, -4.3508e-02, -1.0217e-01, -3.6658e-02, -5.2979e-02],
         [-9.3656e-02, -2.5039e-02, -2.0261e-02,  5.4316e-02,  4.9137e-02,
           1.5773e-01,  2.9820e-02, -8.0454e-02, -8.9884e-02, -8.2509e-03],
         [-1.2881e-01, -7.8955e-02, -3.7421e-02,  1.4681e-01,  2.6612e-02,
           1.1597e-01,  1.0067e-02, -7.2532e-02, -6.0756e-02, -4.3099e-02]],

        [[-1.2275e-01, -6.3797e-02, -4.8163e-02,  1.1045e-01,  5.1951e-02,
           1.3762e-01,  6.4903e-03, -5.8657e-02, -5.1668e-02, -4.1983e-02],
         [-1.6789e-01, -5.1284e-02, -3.2204e-02,  4.7901e-02,  6.8505e-02,
           1.2327e-01, -2.8873e-02, -1.2531e-01, -5.4326e-02, -4.4689e-02],
         [-1.2390e-01, -6.1280e-03, -5.8571e-02,  4.9987e-02,  3.9795e-02,
           1.8051e-01,  5.5752e-02, -9.8062e-02, -6.4449e-02,  3.7696e-03],
         [-8.6121e-02, -6.1641e-02, -6.1540e-03,  4.4932e-02,  6.6074e-02,
           1.2000e-01, -9.0028e-02, -1.4351e-01, -5.9547e-02, -6.3819e-02],
         [-9.4030e-02, -5.5591e-02, -4.2628e-02,  9.4850e-02,  1.8279e-02,
           1.3598e-01, -1.4666e-02, -9.2817e-02, -6.5633e-02, -3.0518e-02],
         [-1.1132e-01, -3.7502e-02, -7.6663e-02,  4.9471e-02,  4.9734e-02,
           1.4265e-01,  4.8894e-02, -6.9607e-02, -4.4803e-02, -1.9371e-02],
         [-1.0077e-01, -4.6121e-02, -3.5138e-02,  1.3863e-01,  7.0591e-03,
           1.4500e-01, -2.5715e-02, -7.1726e-02, -4.6203e-02, -3.1342e-02],
         [-8.2975e-02, -6.7813e-02, -2.9827e-02,  9.4722e-02,  4.7177e-02,
           1.1770e-01, -4.0886e-02, -1.0116e-01, -3.6214e-02, -5.3398e-02],
         [-9.1865e-02, -2.6208e-02, -1.8975e-02,  5.3137e-02,  4.9411e-02,
           1.5790e-01,  2.7750e-02, -8.1522e-02, -9.2508e-02, -7.5658e-03],
         [-1.3107e-01, -8.0599e-02, -3.7820e-02,  1.4781e-01,  2.5817e-02,
           1.1631e-01,  1.1707e-02, -7.3535e-02, -6.2836e-02, -4.2077e-02]],

        [[-1.2599e-01, -6.5672e-02, -4.8436e-02,  1.0693e-01,  5.2207e-02,
           1.3815e-01,  9.2350e-03, -5.3250e-02, -5.6535e-02, -4.7609e-02],
         [-1.6321e-01, -5.0933e-02, -3.1154e-02,  5.1959e-02,  6.9374e-02,
           1.2076e-01, -3.3054e-02, -1.2493e-01, -5.3123e-02, -4.2284e-02],
         [-1.1950e-01, -9.2843e-03, -6.3738e-02,  4.0054e-02,  3.2694e-02,
           1.8878e-01,  5.6505e-02, -9.1573e-02, -6.8028e-02,  1.7212e-03],
         [-8.5461e-02, -6.5398e-02, -6.7652e-03,  4.6809e-02,  6.1033e-02,
           1.1783e-01, -8.7750e-02, -1.4154e-01, -6.4204e-02, -6.2915e-02],
         [-9.4808e-02, -5.7153e-02, -4.0060e-02,  9.3150e-02,  1.7110e-02,
           1.3714e-01, -1.0493e-02, -8.9048e-02, -6.2679e-02, -2.9739e-02],
         [-1.0809e-01, -3.5322e-02, -7.5562e-02,  5.1270e-02,  5.4043e-02,
           1.4369e-01,  4.7389e-02, -6.8512e-02, -4.0176e-02, -1.7042e-02],
         [-1.0086e-01, -4.3083e-02, -3.3556e-02,  1.3969e-01,  1.2324e-02,
           1.4303e-01, -3.0817e-02, -7.7407e-02, -3.8823e-02, -2.9375e-02],
         [-8.4676e-02, -6.7485e-02, -2.9705e-02,  9.4956e-02,  4.8758e-02,
           1.1734e-01, -4.2953e-02, -1.0280e-01, -3.5994e-02, -5.3448e-02],
         [-9.3789e-02, -2.5523e-02, -1.9832e-02,  5.0985e-02,  4.8436e-02,
           1.5984e-01,  2.5851e-02, -7.8572e-02, -8.9520e-02, -4.7634e-03],
         [-1.3140e-01, -8.1490e-02, -3.7273e-02,  1.4881e-01,  2.6014e-02,
           1.1597e-01,  1.2253e-02, -7.3467e-02, -6.2458e-02, -4.2982e-02]],

        [[-1.2843e-01, -6.2535e-02, -4.7090e-02,  1.0443e-01,  5.4313e-02,
           1.3947e-01,  1.2170e-02, -5.1066e-02, -5.8137e-02, -4.9133e-02],
         [-1.6035e-01, -5.4217e-02, -3.3757e-02,  5.1603e-02,  6.6943e-02,
           1.1846e-01, -3.4767e-02, -1.2419e-01, -5.1355e-02, -4.4110e-02],
         [-1.1958e-01, -5.2212e-03, -6.5680e-02,  3.0135e-02,  3.4265e-02,
           1.9393e-01,  5.8455e-02, -9.0870e-02, -7.4257e-02,  5.9919e-03],
         [-8.5611e-02, -6.8630e-02, -5.8977e-03,  4.7703e-02,  6.8015e-02,
           1.1341e-01, -9.5725e-02, -1.3731e-01, -6.1421e-02, -7.0924e-02],
         [-1.0048e-01, -5.9288e-02, -4.1921e-02,  8.8417e-02,  1.7050e-02,
           1.3876e-01, -2.3965e-03, -8.8473e-02, -6.0278e-02, -2.7292e-02],
         [-1.1090e-01, -3.5763e-02, -7.4933e-02,  4.8562e-02,  5.8259e-02,
           1.4359e-01,  5.1927e-02, -6.6003e-02, -3.9880e-02, -1.6023e-02],
         [-9.9265e-02, -4.1212e-02, -3.1626e-02,  1.4016e-01,  1.4081e-02,
           1.4310e-01, -3.5263e-02, -8.2425e-02, -3.9639e-02, -3.1290e-02],
         [-8.5060e-02, -6.6760e-02, -2.9356e-02,  9.6218e-02,  5.3180e-02,
           1.1703e-01, -4.6191e-02, -1.0376e-01, -3.6058e-02, -5.3833e-02],
         [-9.2683e-02, -2.3779e-02, -2.1101e-02,  4.8112e-02,  4.7224e-02,
           1.6304e-01,  2.5046e-02, -7.5677e-02, -8.7409e-02,  1.9187e-04],
         [-1.3125e-01, -8.0043e-02, -3.7983e-02,  1.4984e-01,  2.1976e-02,
           1.1874e-01,  1.0341e-02, -7.4343e-02, -6.3964e-02, -4.0410e-02]],

        [[-1.2777e-01, -5.8540e-02, -4.6541e-02,  1.0231e-01,  5.6194e-02,
           1.4000e-01,  1.2949e-02, -5.1797e-02, -5.7460e-02, -4.8751e-02],
         [-1.6309e-01, -5.4197e-02, -3.2097e-02,  5.6895e-02,  6.8629e-02,
           1.1230e-01, -3.7314e-02, -1.2677e-01, -4.6336e-02, -4.5350e-02],
         [-1.1792e-01,  1.1228e-03, -7.3627e-02,  2.8642e-02,  2.5743e-02,
           2.0084e-01,  5.5892e-02, -9.3064e-02, -7.0332e-02,  1.1969e-02],
         [-8.0134e-02, -6.7996e-02, -1.3506e-03,  5.4740e-02,  6.2149e-02,
           1.1071e-01, -9.1809e-02, -1.4038e-01, -5.5140e-02, -6.2526e-02],
         [-9.3594e-02, -5.4525e-02, -4.5532e-02,  8.0527e-02,  1.3667e-02,
           1.3991e-01,  1.5107e-03, -8.4419e-02, -5.9111e-02, -1.9159e-02],
         [-1.1222e-01, -3.5672e-02, -7.5617e-02,  4.9812e-02,  5.4892e-02,
           1.4170e-01,  5.0426e-02, -6.5812e-02, -3.8007e-02, -1.5132e-02],
         [-1.0354e-01, -4.2981e-02, -3.1563e-02,  1.4348e-01,  1.2804e-02,
           1.4363e-01, -3.6226e-02, -8.1567e-02, -3.7585e-02, -2.9638e-02],
         [-8.0286e-02, -6.4947e-02, -2.7500e-02,  9.6965e-02,  5.6671e-02,
           1.1897e-01, -4.9008e-02, -1.0260e-01, -3.6741e-02, -5.4223e-02],
         [-8.9557e-02, -2.2613e-02, -2.1925e-02,  4.8429e-02,  4.9617e-02,
           1.6429e-01,  2.9308e-02, -7.4598e-02, -8.6726e-02,  2.2393e-03],
         [-1.3037e-01, -7.8781e-02, -3.6803e-02,  1.4716e-01,  2.3574e-02,
           1.2002e-01,  1.1611e-02, -7.4669e-02, -6.3325e-02, -3.9964e-02]],

        [[-1.2831e-01, -6.4202e-02, -4.7611e-02,  1.1044e-01,  5.3734e-02,
           1.3954e-01,  1.1676e-02, -6.4176e-02, -5.0067e-02, -4.1606e-02],
         [-1.5741e-01, -4.8550e-02, -3.4816e-02,  4.7696e-02,  7.1244e-02,
           1.2497e-01, -3.5325e-02, -1.2045e-01, -5.5540e-02, -5.0821e-02],
         [-1.2988e-01, -1.3521e-02, -5.7092e-02,  5.0776e-02,  4.9273e-02,
           1.6892e-01,  5.2384e-02, -9.2247e-02, -5.5247e-02, -1.0248e-02],
         [-9.6459e-02, -6.3838e-02, -9.5700e-03,  4.5007e-02,  6.4609e-02,
           1.1861e-01, -9.5213e-02, -1.3862e-01, -5.7682e-02, -6.8544e-02],
         [-9.8180e-02, -6.0958e-02, -3.4342e-02,  1.0043e-01,  2.6380e-02,
           1.3441e-01, -1.1893e-02, -9.2240e-02, -6.3973e-02, -3.6309e-02],
         [-1.1117e-01, -4.0699e-02, -7.5188e-02,  4.6284e-02,  5.5060e-02,
           1.4045e-01,  5.3918e-02, -6.2733e-02, -5.0070e-02, -1.8379e-02],
         [-9.7163e-02, -4.2052e-02, -3.5031e-02,  1.3418e-01,  7.8967e-03,
           1.4310e-01, -2.7660e-02, -7.4222e-02, -4.5771e-02, -3.0419e-02],
         [-8.4931e-02, -6.4414e-02, -3.1063e-02,  9.6968e-02,  4.8916e-02,
           1.1851e-01, -4.3248e-02, -1.0169e-01, -3.5377e-02, -4.9219e-02],
         [-8.8448e-02, -2.2295e-02, -1.7462e-02,  5.0262e-02,  5.2458e-02,
           1.6120e-01,  3.2310e-02, -8.0536e-02, -9.6457e-02, -4.8337e-03],
         [-1.3212e-01, -7.8588e-02, -3.9636e-02,  1.4918e-01,  2.0432e-02,
           1.1998e-01,  1.1040e-02, -7.3342e-02, -6.4968e-02, -3.8590e-02]],

        [[-1.2872e-01, -6.3735e-02, -4.7511e-02,  1.0544e-01,  5.4540e-02,
           1.3913e-01,  1.2383e-02, -5.2279e-02, -5.9166e-02, -4.8516e-02],
         [-1.6010e-01, -5.3525e-02, -3.2383e-02,  5.3516e-02,  6.9779e-02,
           1.1715e-01, -3.6135e-02, -1.2410e-01, -4.8140e-02, -4.5896e-02],
         [-1.2052e-01, -8.3812e-03, -6.7031e-02,  3.1904e-02,  3.2043e-02,
           1.9559e-01,  5.8551e-02, -8.5263e-02, -7.3569e-02,  3.0842e-03],
         [-8.2953e-02, -6.9330e-02, -3.9238e-03,  4.9190e-02,  6.8309e-02,
           1.1391e-01, -9.6259e-02, -1.3892e-01, -6.0890e-02, -6.8512e-02],
         [-1.0086e-01, -5.9468e-02, -4.2699e-02,  8.8436e-02,  1.3684e-02,
           1.4107e-01, -5.1182e-04, -8.6358e-02, -6.3622e-02, -2.6976e-02],
         [-1.1106e-01, -3.4311e-02, -7.4753e-02,  4.9057e-02,  5.7896e-02,
           1.4423e-01,  5.1898e-02, -6.3389e-02, -4.1188e-02, -1.6225e-02],
         [-9.8585e-02, -3.8940e-02, -3.2927e-02,  1.4349e-01,  1.5476e-02,
           1.4248e-01, -3.3926e-02, -8.4421e-02, -4.0798e-02, -2.6670e-02],
         [-8.5481e-02, -6.5980e-02, -2.5492e-02,  9.6553e-02,  5.5023e-02,
           1.1629e-01, -4.9793e-02, -1.0614e-01, -3.8174e-02, -5.1248e-02],
         [-9.2401e-02, -2.6420e-02, -2.1016e-02,  4.9028e-02,  4.6732e-02,
           1.6179e-01,  2.5409e-02, -7.6423e-02, -8.6369e-02, -2.6486e-03],
         [-1.3187e-01, -8.0725e-02, -3.7804e-02,  1.4976e-01,  2.2359e-02,
           1.1790e-01,  1.0975e-02, -7.4751e-02, -6.4007e-02, -4.1306e-02]],

        [[-1.2415e-01, -6.1179e-02, -4.8177e-02,  1.0659e-01,  5.3512e-02,
           1.3959e-01,  9.6520e-03, -5.4082e-02, -5.6594e-02, -4.4619e-02],
         [-1.6388e-01, -5.0998e-02, -3.1312e-02,  5.2963e-02,  6.8342e-02,
           1.1534e-01, -3.3446e-02, -1.2905e-01, -4.9598e-02, -4.2839e-02],
         [-1.2046e-01, -4.7506e-03, -6.4252e-02,  4.0607e-02,  3.4035e-02,
           1.8957e-01,  5.5753e-02, -9.5397e-02, -6.7264e-02,  6.1477e-03],
         [-8.4350e-02, -6.5548e-02, -4.2557e-03,  5.2504e-02,  6.4503e-02,
           1.1538e-01, -9.0316e-02, -1.4171e-01, -5.7772e-02, -6.3300e-02],
         [-9.4156e-02, -5.4435e-02, -4.2187e-02,  8.8220e-02,  1.8292e-02,
           1.4147e-01, -8.1582e-03, -8.9739e-02, -6.5649e-02, -2.8532e-02],
         [-1.1128e-01, -3.6535e-02, -7.6408e-02,  5.1216e-02,  5.0623e-02,
           1.4310e-01,  4.9154e-02, -6.6238e-02, -4.2443e-02, -1.7561e-02],
         [-1.0396e-01, -4.5405e-02, -3.3430e-02,  1.4147e-01,  9.2734e-03,
           1.4420e-01, -3.0438e-02, -7.5431e-02, -4.1915e-02, -3.0535e-02],
         [-8.1303e-02, -6.7838e-02, -2.8561e-02,  9.4562e-02,  5.1307e-02,
           1.1815e-01, -4.4014e-02, -1.0178e-01, -3.6965e-02, -5.4931e-02],
         [-9.0793e-02, -2.5522e-02, -1.9440e-02,  5.2870e-02,  5.0464e-02,
           1.5901e-01,  2.9525e-02, -8.0404e-02, -9.0937e-02, -5.5554e-03],
         [-1.3139e-01, -8.0667e-02, -3.7221e-02,  1.4783e-01,  2.3897e-02,
           1.1821e-01,  1.1381e-02, -7.3292e-02, -6.2756e-02, -4.2481e-02]],

        [[-1.2520e-01, -6.5261e-02, -4.6984e-02,  1.0576e-01,  5.2610e-02,
           1.3728e-01,  9.0767e-03, -5.3183e-02, -5.5393e-02, -4.8298e-02],
         [-1.6868e-01, -5.2227e-02, -2.9077e-02,  5.1586e-02,  6.8069e-02,
           1.1877e-01, -3.1322e-02, -1.2754e-01, -5.0636e-02, -4.1671e-02],
         [-1.2139e-01, -5.3557e-03, -6.2818e-02,  4.1671e-02,  3.3767e-02,
           1.8972e-01,  5.6770e-02, -9.3239e-02, -6.8006e-02,  6.2134e-03],
         [-8.4148e-02, -6.3055e-02, -4.3521e-03,  4.7364e-02,  6.4825e-02,
           1.1722e-01, -9.3058e-02, -1.4491e-01, -6.1631e-02, -6.2416e-02],
         [-9.6803e-02, -5.6164e-02, -4.3340e-02,  9.2579e-02,  1.4487e-02,
           1.3822e-01, -9.1211e-03, -9.0774e-02, -6.7341e-02, -2.9354e-02],
         [-1.0949e-01, -3.5569e-02, -7.7099e-02,  5.2157e-02,  5.3089e-02,
           1.4197e-01,  4.6992e-02, -6.6331e-02, -3.9524e-02, -1.7910e-02],
         [-1.0159e-01, -4.1957e-02, -3.4327e-02,  1.4235e-01,  1.0554e-02,
           1.4506e-01, -3.1046e-02, -7.6929e-02, -4.2095e-02, -2.7550e-02],
         [-8.5489e-02, -6.8850e-02, -2.9848e-02,  9.3015e-02,  4.7727e-02,
           1.1636e-01, -4.1893e-02, -1.0382e-01, -3.6683e-02, -5.4393e-02],
         [-9.1610e-02, -2.6330e-02, -1.9874e-02,  5.2160e-02,  4.8838e-02,
           1.5915e-01,  2.6927e-02, -7.9585e-02, -9.0541e-02, -6.5703e-03],
         [-1.3261e-01, -8.1224e-02, -3.7057e-02,  1.4895e-01,  2.5537e-02,
           1.1602e-01,  1.3677e-02, -7.4091e-02, -6.3646e-02, -4.2731e-02]],

        [[-1.2639e-01, -6.6782e-02, -4.8433e-02,  1.1023e-01,  5.0968e-02,
           1.3646e-01,  9.4602e-03, -5.7582e-02, -5.3800e-02, -4.4126e-02],
         [-1.6947e-01, -5.0072e-02, -2.9300e-02,  4.9374e-02,  7.0587e-02,
           1.2000e-01, -3.1829e-02, -1.2965e-01, -5.1578e-02, -4.5266e-02],
         [-1.2769e-01, -5.7154e-03, -6.1904e-02,  5.0634e-02,  3.8139e-02,
           1.7968e-01,  5.5895e-02, -9.6134e-02, -6.2402e-02,  1.9449e-03],
         [-8.6115e-02, -6.0507e-02, -6.3980e-03,  4.7381e-02,  6.8398e-02,
           1.1893e-01, -9.5416e-02, -1.4260e-01, -5.6866e-02, -6.1112e-02],
         [-9.7210e-02, -5.8499e-02, -4.1556e-02,  9.3801e-02,  1.6396e-02,
           1.3637e-01, -9.8740e-03, -9.3474e-02, -7.0346e-02, -3.3235e-02],
         [-1.1139e-01, -3.8163e-02, -7.6711e-02,  4.9378e-02,  4.8458e-02,
           1.4209e-01,  4.9980e-02, -6.6927e-02, -4.7425e-02, -1.9914e-02],
         [-1.0309e-01, -4.4149e-02, -3.5629e-02,  1.3938e-01,  4.5801e-03,
           1.4546e-01, -2.6454e-02, -7.0660e-02, -4.5923e-02, -2.9448e-02],
         [-8.4449e-02, -6.8314e-02, -2.8449e-02,  9.3351e-02,  4.7986e-02,
           1.1715e-01, -4.1780e-02, -1.0304e-01, -3.7013e-02, -5.3134e-02],
         [-9.0176e-02, -2.6930e-02, -1.7184e-02,  5.4718e-02,  4.9793e-02,
           1.5647e-01,  3.0119e-02, -8.4168e-02, -9.4970e-02, -9.6688e-03],
         [-1.3337e-01, -7.9706e-02, -3.7384e-02,  1.4719e-01,  2.2192e-02,
           1.1967e-01,  1.2226e-02, -7.2312e-02, -6.5011e-02, -4.1727e-02]],

        [[-1.2674e-01, -6.1704e-02, -4.6011e-02,  1.0572e-01,  5.4878e-02,
           1.3992e-01,  1.1797e-02, -5.5062e-02, -5.5723e-02, -4.6704e-02],
         [-1.6138e-01, -5.3683e-02, -3.3337e-02,  5.0323e-02,  6.6027e-02,
           1.2019e-01, -3.2592e-02, -1.2237e-01, -5.3443e-02, -4.2901e-02],
         [-1.2074e-01, -7.4393e-03, -6.2977e-02,  3.8028e-02,  3.7829e-02,
           1.8741e-01,  5.6412e-02, -9.3404e-02, -7.0094e-02,  5.7980e-03],
         [-8.6247e-02, -6.3368e-02, -6.3864e-03,  4.3398e-02,  6.6923e-02,
           1.1955e-01, -9.4152e-02, -1.3979e-01, -6.2531e-02, -6.6255e-02],
         [-1.0109e-01, -5.8711e-02, -4.1914e-02,  9.3416e-02,  1.8569e-02,
           1.3843e-01, -5.1485e-03, -9.0569e-02, -6.4128e-02, -3.1322e-02],
         [-1.1091e-01, -3.7359e-02, -7.5780e-02,  4.8835e-02,  5.5583e-02,
           1.4178e-01,  4.9515e-02, -6.7381e-02, -4.1601e-02, -1.8990e-02],
         [-9.8311e-02, -4.1217e-02, -3.2193e-02,  1.3939e-01,  1.3723e-02,
           1.4411e-01, -3.3878e-02, -8.0193e-02, -4.1090e-02, -3.0449e-02],
         [-8.3120e-02, -6.5865e-02, -3.0852e-02,  9.6100e-02,  5.0860e-02,
           1.1837e-01, -4.4079e-02, -1.0181e-01, -3.6163e-02, -5.2683e-02],
         [-9.2957e-02, -2.4222e-02, -2.0474e-02,  4.8295e-02,  4.8415e-02,
           1.6203e-01,  2.7314e-02, -7.6162e-02, -8.9631e-02, -2.0082e-03],
         [-1.3145e-01, -7.9548e-02, -3.7461e-02,  1.5016e-01,  2.3034e-02,
           1.1732e-01,  1.1307e-02, -7.4418e-02, -6.4574e-02, -4.0405e-02]],

        [[-1.2630e-01, -6.2717e-02, -4.8675e-02,  1.0983e-01,  5.2847e-02,
           1.3795e-01,  1.0470e-02, -5.8334e-02, -5.2693e-02, -4.1399e-02],
         [-1.6947e-01, -4.7995e-02, -3.1368e-02,  5.0847e-02,  7.0847e-02,
           1.1726e-01, -3.2785e-02, -1.3159e-01, -5.0637e-02, -4.6673e-02],
         [-1.2647e-01, -4.2664e-03, -6.1700e-02,  4.8209e-02,  3.8755e-02,
           1.8277e-01,  5.7348e-02, -9.6994e-02, -6.1992e-02,  2.1392e-03],
         [-8.9140e-02, -6.1257e-02, -6.1514e-03,  5.2124e-02,  6.7593e-02,
           1.1577e-01, -9.4085e-02, -1.4131e-01, -5.3271e-02, -6.2322e-02],
         [-9.5774e-02, -5.6298e-02, -4.0738e-02,  9.0135e-02,  2.1185e-02,
           1.3902e-01, -9.6898e-03, -9.2071e-02, -6.8263e-02, -3.3071e-02],
         [-1.1284e-01, -4.1183e-02, -7.7780e-02,  5.0040e-02,  4.7079e-02,
           1.3899e-01,  5.0463e-02, -6.4649e-02, -4.6687e-02, -1.9816e-02],
         [-1.0408e-01, -4.6870e-02, -3.6250e-02,  1.3982e-01,  4.8152e-03,
           1.4680e-01, -2.8105e-02, -6.9204e-02, -4.4371e-02, -3.0629e-02],
         [-8.2497e-02, -6.7913e-02, -2.8614e-02,  9.2049e-02,  4.8873e-02,
           1.1943e-01, -4.2555e-02, -1.0199e-01, -3.7873e-02, -5.4154e-02],
         [-8.7699e-02, -2.3140e-02, -1.7137e-02,  5.5176e-02,  5.2269e-02,
           1.5858e-01,  3.3651e-02, -8.4462e-02, -9.6200e-02, -6.6732e-03],
         [-1.3196e-01, -7.8695e-02, -3.7981e-02,  1.4646e-01,  2.1184e-02,
           1.2157e-01,  1.0821e-02, -7.1514e-02, -6.5320e-02, -4.1432e-02]],

        [[-1.2605e-01, -6.7079e-02, -4.7975e-02,  1.0710e-01,  5.1787e-02,
           1.3767e-01,  8.8002e-03, -5.3157e-02, -5.5795e-02, -4.8648e-02],
         [-1.6442e-01, -5.1783e-02, -3.1266e-02,  5.0996e-02,  6.7365e-02,
           1.2120e-01, -3.0612e-02, -1.2429e-01, -5.3125e-02, -4.1185e-02],
         [-1.2033e-01, -1.1001e-02, -6.1591e-02,  4.1933e-02,  3.4453e-02,
           1.8715e-01,  5.6311e-02, -9.0882e-02, -6.9045e-02,  9.7650e-04],
         [-8.6330e-02, -6.4214e-02, -6.0288e-03,  4.5010e-02,  6.2055e-02,
           1.1942e-01, -8.7103e-02, -1.4195e-01, -6.6182e-02, -6.3155e-02],
         [-9.7519e-02, -5.8561e-02, -4.0344e-02,  9.6823e-02,  1.5832e-02,
           1.3682e-01, -1.2100e-02, -9.0202e-02, -6.3858e-02, -3.1839e-02],
         [-1.0844e-01, -3.4955e-02, -7.5608e-02,  5.1759e-02,  5.4983e-02,
           1.4357e-01,  4.6908e-02, -6.7570e-02, -4.0007e-02, -1.7277e-02],
         [-9.9295e-02, -4.1245e-02, -3.3873e-02,  1.4009e-01,  1.2790e-02,
           1.4373e-01, -3.1150e-02, -7.7950e-02, -4.0331e-02, -2.8216e-02],
         [-8.6494e-02, -6.7588e-02, -2.9926e-02,  9.4460e-02,  4.7488e-02,
           1.1652e-01, -4.2474e-02, -1.0380e-01, -3.5985e-02, -5.2601e-02],
         [-9.2991e-02, -2.5496e-02, -1.9705e-02,  5.0264e-02,  4.8419e-02,
           1.6034e-01,  2.4993e-02, -7.8462e-02, -9.0490e-02, -4.7946e-03],
         [-1.3196e-01, -8.1391e-02, -3.6924e-02,  1.4925e-01,  2.5375e-02,
           1.1585e-01,  1.2203e-02, -7.4111e-02, -6.2958e-02, -4.2956e-02]],

        [[-1.2794e-01, -6.2674e-02, -4.6093e-02,  1.0814e-01,  5.6647e-02,
           1.3887e-01,  1.2666e-02, -6.3508e-02, -5.1394e-02, -4.3026e-02],
         [-1.5703e-01, -5.1067e-02, -3.5379e-02,  4.9406e-02,  6.8179e-02,
           1.2347e-01, -3.3306e-02, -1.2124e-01, -5.3563e-02, -4.8632e-02],
         [-1.2366e-01, -1.1326e-02, -6.0401e-02,  4.2973e-02,  4.2518e-02,
           1.8167e-01,  5.4784e-02, -9.1742e-02, -6.4398e-02, -2.9575e-03],
         [-9.2128e-02, -6.5796e-02, -9.1391e-03,  4.4534e-02,  6.2900e-02,
           1.1779e-01, -9.1462e-02, -1.3770e-01, -6.1285e-02, -6.9605e-02],
         [-1.0004e-01, -5.9295e-02, -3.7598e-02,  9.8452e-02,  2.4144e-02,
           1.3666e-01, -8.5477e-03, -9.0228e-02, -6.2506e-02, -3.4609e-02],
         [-1.1233e-01, -3.8268e-02, -7.5815e-02,  4.6798e-02,  5.7003e-02,
           1.4113e-01,  5.1196e-02, -6.6328e-02, -4.4238e-02, -1.9175e-02],
         [-9.6851e-02, -4.2898e-02, -3.3289e-02,  1.3473e-01,  1.1971e-02,
           1.4230e-01, -3.0880e-02, -7.8255e-02, -4.2249e-02, -3.1451e-02],
         [-8.4738e-02, -6.6219e-02, -3.0236e-02,  9.5483e-02,  5.0257e-02,
           1.1849e-01, -4.4494e-02, -1.0279e-01, -3.6313e-02, -5.1647e-02],
         [-8.8608e-02, -2.1151e-02, -1.9061e-02,  4.8195e-02,  5.1644e-02,
           1.6368e-01,  2.9358e-02, -7.7097e-02, -9.3939e-02, -7.2986e-05],
         [-1.3150e-01, -7.7812e-02, -3.8941e-02,  1.4919e-01,  2.0759e-02,
           1.2006e-01,  1.1425e-02, -7.4416e-02, -6.5793e-02, -3.7423e-02]],

        [[-1.2621e-01, -6.5648e-02, -4.7578e-02,  1.0869e-01,  5.1163e-02,
           1.3882e-01,  9.4857e-03, -6.1196e-02, -5.1506e-02, -4.4121e-02],
         [-1.6144e-01, -4.9920e-02, -3.3280e-02,  4.7812e-02,  6.8272e-02,
           1.2391e-01, -3.0167e-02, -1.2302e-01, -5.5247e-02, -4.5917e-02],
         [-1.2821e-01, -1.3385e-02, -5.3628e-02,  5.1081e-02,  4.9684e-02,
           1.6922e-01,  5.2360e-02, -9.4151e-02, -5.7017e-02, -9.2729e-03],
         [-9.6028e-02, -6.1147e-02, -9.1343e-03,  4.4901e-02,  6.4182e-02,
           1.1922e-01, -9.3728e-02, -1.4012e-01, -6.0324e-02, -6.5141e-02],
         [-9.7316e-02, -6.1030e-02, -3.6083e-02,  1.0069e-01,  2.3597e-02,
           1.3539e-01, -1.4575e-02, -9.2840e-02, -6.2861e-02, -3.4970e-02],
         [-1.0984e-01, -3.8824e-02, -7.6430e-02,  4.8059e-02,  5.5575e-02,
           1.4185e-01,  5.1087e-02, -6.4065e-02, -4.8538e-02, -1.8534e-02],
         [-9.9808e-02, -4.3915e-02, -3.5112e-02,  1.3432e-01,  7.0883e-03,
           1.4326e-01, -2.7986e-02, -7.2416e-02, -4.4285e-02, -3.1737e-02],
         [-8.6144e-02, -6.7220e-02, -3.2188e-02,  9.4426e-02,  4.6429e-02,
           1.1753e-01, -3.9108e-02, -1.0180e-01, -3.3430e-02, -5.2286e-02],
         [-8.8306e-02, -2.2926e-02, -1.7775e-02,  5.1960e-02,  5.1770e-02,
           1.5941e-01,  2.9160e-02, -8.0847e-02, -9.4983e-02, -5.0440e-03],
         [-1.3392e-01, -8.0435e-02, -3.8817e-02,  1.4911e-01,  2.1412e-02,
           1.1972e-01,  1.2751e-02, -7.3155e-02, -6.4621e-02, -4.0147e-02]],

        [[-1.2513e-01, -6.6360e-02, -4.7582e-02,  1.0889e-01,  5.1034e-02,
           1.3775e-01,  8.7553e-03, -5.8712e-02, -5.2081e-02, -4.5119e-02],
         [-1.6394e-01, -5.0664e-02, -3.3121e-02,  4.7700e-02,  6.7936e-02,
           1.2468e-01, -2.8582e-02, -1.2386e-01, -5.4947e-02, -4.4515e-02],
         [-1.2540e-01, -1.3988e-02, -5.3702e-02,  4.9282e-02,  4.5544e-02,
           1.7359e-01,  5.4448e-02, -9.2482e-02, -6.2266e-02, -7.5376e-03],
         [-9.4751e-02, -6.1185e-02, -8.0028e-03,  4.3843e-02,  6.5979e-02,
           1.1974e-01, -9.2265e-02, -1.3961e-01, -6.3304e-02, -6.4836e-02],
         [-9.8163e-02, -6.1774e-02, -3.7061e-02,  1.0125e-01,  1.9907e-02,
           1.3607e-01, -1.5506e-02, -9.1221e-02, -6.1987e-02, -3.5125e-02],
         [-1.0868e-01, -3.6759e-02, -7.6274e-02,  4.9087e-02,  5.6898e-02,
           1.4330e-01,  5.0146e-02, -6.5752e-02, -4.5622e-02, -1.8502e-02],
         [-9.8873e-02, -4.3738e-02, -3.5067e-02,  1.3544e-01,  8.6571e-03,
           1.4343e-01, -2.7475e-02, -7.3225e-02, -4.3693e-02, -3.0873e-02],
         [-8.7307e-02, -6.8178e-02, -3.1046e-02,  9.3861e-02,  4.6210e-02,
           1.1622e-01, -3.9440e-02, -1.0310e-01, -3.4223e-02, -5.2562e-02],
         [-8.8408e-02, -2.3691e-02, -1.8549e-02,  5.1160e-02,  4.9889e-02,
           1.5951e-01,  2.6996e-02, -8.0550e-02, -9.4382e-02, -4.7253e-03],
         [-1.3312e-01, -8.0987e-02, -3.8987e-02,  1.4985e-01,  2.2535e-02,
           1.1913e-01,  1.2592e-02, -7.3233e-02, -6.4701e-02, -4.0655e-02]],

        [[-1.2591e-01, -6.8029e-02, -4.8832e-02,  1.1001e-01,  5.0311e-02,
           1.3692e-01,  8.7390e-03, -6.0927e-02, -5.2868e-02, -4.3921e-02],
         [-1.6511e-01, -4.8547e-02, -3.2677e-02,  4.7818e-02,  7.0098e-02,
           1.2241e-01, -3.0601e-02, -1.2706e-01, -5.5166e-02, -4.6214e-02],
         [-1.2865e-01, -1.1482e-02, -5.5366e-02,  5.2528e-02,  4.6493e-02,
           1.7005e-01,  5.4023e-02, -9.5758e-02, -5.7485e-02, -7.9937e-03],
         [-9.5092e-02, -6.2575e-02, -8.3593e-03,  4.7819e-02,  6.4439e-02,
           1.1767e-01, -9.2943e-02, -1.3981e-01, -5.8878e-02, -6.4496e-02],
         [-9.5785e-02, -6.0270e-02, -3.7697e-02,  9.9433e-02,  2.2785e-02,
           1.3550e-01, -1.5561e-02, -9.2198e-02, -6.3602e-02, -3.4819e-02],
         [-1.0969e-01, -3.8799e-02, -7.6086e-02,  4.8398e-02,  5.3951e-02,
           1.4270e-01,  5.0786e-02, -6.5352e-02, -4.9265e-02, -1.9614e-02],
         [-1.0195e-01, -4.6188e-02, -3.6183e-02,  1.3513e-01,  5.2278e-03,
           1.4401e-01, -2.6439e-02, -6.9810e-02, -4.4003e-02, -3.2601e-02],
         [-8.5907e-02, -6.7867e-02, -3.0982e-02,  9.3631e-02,  4.6366e-02,
           1.1787e-01, -3.9357e-02, -1.0185e-01, -3.4957e-02, -5.2740e-02],
         [-8.7787e-02, -2.4148e-02, -1.7272e-02,  5.4089e-02,  5.1278e-02,
           1.5729e-01,  2.9670e-02, -8.3135e-02, -9.6496e-02, -6.1253e-03],
         [-1.3405e-01, -8.0499e-02, -3.8576e-02,  1.4771e-01,  2.0885e-02,
           1.2123e-01,  1.2768e-02, -7.1691e-02, -6.5261e-02, -4.1330e-02]],

        [[-1.3045e-01, -6.1610e-02, -4.6552e-02,  1.0919e-01,  5.2278e-02,
           1.3971e-01,  1.1137e-02, -6.4310e-02, -4.9087e-02, -4.2629e-02],
         [-1.6431e-01, -4.7347e-02, -2.6241e-02,  5.0714e-02,  7.7783e-02,
           1.2488e-01, -4.4034e-02, -1.2951e-01, -4.6025e-02, -5.8080e-02],
         [-1.3380e-01, -8.6384e-03, -6.5622e-02,  4.7854e-02,  3.9539e-02,
           1.7631e-01,  5.0283e-02, -9.0252e-02, -5.1238e-02, -7.6623e-03],
         [-8.8817e-02, -5.8780e-02, -4.5718e-03,  5.6091e-02,  7.1170e-02,
           1.1517e-01, -9.6844e-02, -1.3986e-01, -5.0720e-02, -5.9789e-02],
         [-1.0061e-01, -5.7955e-02, -3.5781e-02,  8.7757e-02,  2.6044e-02,
           1.3678e-01,  3.9465e-04, -9.5760e-02, -6.8024e-02, -3.6696e-02],
         [-1.1454e-01, -4.2189e-02, -7.4973e-02,  4.6755e-02,  4.9665e-02,
           1.3845e-01,  5.6725e-02, -5.8748e-02, -5.1479e-02, -1.5934e-02],
         [-1.0066e-01, -3.8881e-02, -3.6889e-02,  1.3715e-01,  1.8639e-03,
           1.4518e-01, -2.6959e-02, -7.3115e-02, -4.7530e-02, -2.3824e-02],
         [-8.6362e-02, -6.5382e-02, -3.0415e-02,  9.6597e-02,  4.9106e-02,
           1.1836e-01, -4.4610e-02, -1.0380e-01, -3.7180e-02, -4.9447e-02],
         [-9.1122e-02, -2.2679e-02, -1.6376e-02,  5.1917e-02,  4.6016e-02,
           1.6105e-01,  3.9038e-02, -9.0372e-02, -9.2748e-02, -8.8056e-03],
         [-1.3096e-01, -7.4356e-02, -3.8609e-02,  1.4361e-01,  1.8992e-02,
           1.2253e-01,  1.0330e-02, -7.2783e-02, -6.6935e-02, -3.7684e-02]],

        [[-1.2688e-01, -5.9172e-02, -4.8130e-02,  1.1057e-01,  5.3367e-02,
           1.3991e-01,  1.0175e-02, -6.0735e-02, -5.0881e-02, -3.8234e-02],
         [-1.6647e-01, -4.7515e-02, -3.3192e-02,  4.8867e-02,  7.0780e-02,
           1.1539e-01, -3.5781e-02, -1.3278e-01, -5.1509e-02, -5.0211e-02],
         [-1.3163e-01,  1.9148e-06, -6.4250e-02,  4.8609e-02,  4.4772e-02,
           1.7595e-01,  5.5881e-02, -1.0310e-01, -5.7818e-02,  2.3845e-03],
         [-8.8601e-02, -6.1685e-02, -3.8241e-03,  5.3437e-02,  7.1525e-02,
           1.1538e-01, -1.0014e-01, -1.3647e-01, -4.8867e-02, -6.5081e-02],
         [-9.4311e-02, -5.3655e-02, -4.0476e-02,  8.5818e-02,  3.1361e-02,
           1.4025e-01, -7.2092e-03, -9.5132e-02, -6.5764e-02, -3.2178e-02],
         [-1.1453e-01, -4.4779e-02, -7.6608e-02,  4.7645e-02,  4.7747e-02,
           1.3721e-01,  5.4279e-02, -6.0192e-02, -5.1806e-02, -1.9161e-02],
         [-1.0606e-01, -4.8454e-02, -3.3856e-02,  1.3729e-01, -6.5921e-05,
           1.4768e-01, -2.8229e-02, -6.6923e-02, -4.8871e-02, -3.4479e-02],
         [-7.9719e-02, -6.6585e-02, -3.1875e-02,  9.5117e-02,  5.0882e-02,
           1.2132e-01, -4.1169e-02, -9.7354e-02, -3.6492e-02, -5.5705e-02],
         [-8.7985e-02, -2.0942e-02, -1.5724e-02,  5.4266e-02,  5.4289e-02,
           1.5960e-01,  3.7369e-02, -8.5493e-02, -9.7092e-02, -5.3396e-03],
         [-1.3267e-01, -7.8822e-02, -3.8145e-02,  1.4613e-01,  1.8018e-02,
           1.2285e-01,  8.5264e-03, -7.2155e-02, -6.3919e-02, -4.1330e-02]],

        [[-1.2622e-01, -6.3055e-02, -4.7416e-02,  1.0592e-01,  5.2579e-02,
           1.3889e-01,  9.9214e-03, -5.1213e-02, -5.6420e-02, -4.8096e-02],
         [-1.6468e-01, -5.3404e-02, -3.0540e-02,  5.1993e-02,  6.6135e-02,
           1.1776e-01, -3.1533e-02, -1.2660e-01, -5.1368e-02, -4.1288e-02],
         [-1.2116e-01, -6.3463e-03, -6.4000e-02,  3.6787e-02,  3.3952e-02,
           1.8973e-01,  5.6898e-02, -9.3589e-02, -7.1501e-02,  5.5913e-03],
         [-8.5016e-02, -6.7251e-02, -5.1802e-03,  4.8630e-02,  6.5655e-02,
           1.1531e-01, -9.3667e-02, -1.3845e-01, -6.3003e-02, -6.7343e-02],
         [-9.6418e-02, -5.6331e-02, -4.2193e-02,  9.0591e-02,  1.7852e-02,
           1.4014e-01, -9.2456e-03, -9.0489e-02, -6.2931e-02, -2.8991e-02],
         [-1.0883e-01, -3.6118e-02, -7.6238e-02,  5.0839e-02,  5.4199e-02,
           1.4287e-01,  4.8902e-02, -6.6651e-02, -4.1350e-02, -1.6565e-02],
         [-1.0085e-01, -4.3267e-02, -3.2282e-02,  1.4001e-01,  1.1576e-02,
           1.4394e-01, -3.2014e-02, -7.7213e-02, -4.0883e-02, -3.0735e-02],
         [-8.4762e-02, -6.8110e-02, -2.9532e-02,  9.5372e-02,  4.9825e-02,
           1.1715e-01, -4.2768e-02, -1.0240e-01, -3.4938e-02, -5.5017e-02],
         [-9.2378e-02, -2.4975e-02, -2.0783e-02,  5.1836e-02,  4.8659e-02,
           1.5961e-01,  2.5785e-02, -7.8877e-02, -8.8561e-02, -5.0979e-03],
         [-1.3149e-01, -8.1440e-02, -3.7733e-02,  1.4914e-01,  2.4507e-02,
           1.1708e-01,  1.1071e-02, -7.3501e-02, -6.1923e-02, -4.2922e-02]],

        [[-1.2409e-01, -6.4750e-02, -4.9152e-02,  1.0872e-01,  5.0140e-02,
           1.3851e-01,  8.6681e-03, -5.6703e-02, -5.4906e-02, -4.3391e-02],
         [-1.6859e-01, -4.9960e-02, -3.1338e-02,  4.9507e-02,  6.7783e-02,
           1.1707e-01, -3.0422e-02, -1.3006e-01, -5.2781e-02, -4.2961e-02],
         [-1.2686e-01, -5.4004e-03, -5.7338e-02,  5.0593e-02,  4.3319e-02,
           1.7723e-01,  5.5581e-02, -9.9563e-02, -6.2753e-02,  9.6747e-04],
         [-9.0807e-02, -6.0480e-02, -5.7844e-03,  4.8329e-02,  6.7254e-02,
           1.1814e-01, -9.5969e-02, -1.4246e-01, -5.6380e-02, -6.2283e-02],
         [-9.4645e-02, -5.7201e-02, -4.1694e-02,  9.3390e-02,  2.0749e-02,
           1.3869e-01, -1.3548e-02, -9.2827e-02, -6.6141e-02, -3.1935e-02],
         [-1.1072e-01, -3.9101e-02, -7.7359e-02,  4.9676e-02,  4.9184e-02,
           1.4255e-01,  4.9242e-02, -6.5659e-02, -4.8845e-02, -1.9582e-02],
         [-1.0527e-01, -4.7304e-02, -3.5328e-02,  1.3805e-01,  3.6360e-03,
           1.4580e-01, -2.7230e-02, -6.7756e-02, -4.5161e-02, -3.2734e-02],
         [-8.3524e-02, -6.9212e-02, -3.0590e-02,  9.2609e-02,  4.6866e-02,
           1.1839e-01, -3.9089e-02, -1.0083e-01, -3.5350e-02, -5.5798e-02],
         [-8.9737e-02, -2.5713e-02, -1.6817e-02,  5.5544e-02,  5.1302e-02,
           1.5505e-01,  3.0887e-02, -8.2668e-02, -9.4413e-02, -7.5511e-03],
         [-1.3363e-01, -8.1093e-02, -3.7616e-02,  1.4733e-01,  2.1679e-02,
           1.2034e-01,  1.1970e-02, -7.1601e-02, -6.3957e-02, -4.3318e-02]],

        [[-1.2916e-01, -6.5034e-02, -4.8230e-02,  1.1158e-01,  5.2412e-02,
           1.3992e-01,  1.1815e-02, -6.4007e-02, -4.9897e-02, -4.2125e-02],
         [-1.5765e-01, -4.8439e-02, -3.3494e-02,  4.6967e-02,  7.1966e-02,
           1.2623e-01, -3.6686e-02, -1.2054e-01, -5.4219e-02, -5.1996e-02],
         [-1.3077e-01, -1.6291e-02, -5.6450e-02,  5.0762e-02,  5.1007e-02,
           1.6691e-01,  5.1277e-02, -8.9834e-02, -5.4750e-02, -1.4777e-02],
         [-9.6988e-02, -6.3884e-02, -1.0299e-02,  4.4052e-02,  6.5291e-02,
           1.1928e-01, -9.7690e-02, -1.3775e-01, -5.8242e-02, -6.8890e-02],
         [-9.9661e-02, -6.3368e-02, -3.2973e-02,  9.9456e-02,  2.6136e-02,
           1.3353e-01, -1.0318e-02, -9.2058e-02, -6.4222e-02, -3.8563e-02],
         [-1.1203e-01, -4.0691e-02, -7.4755e-02,  4.5710e-02,  5.4710e-02,
           1.4018e-01,  5.5421e-02, -6.1026e-02, -5.1822e-02, -1.7378e-02],
         [-9.5495e-02, -3.8668e-02, -3.5344e-02,  1.3375e-01,  7.5880e-03,
           1.4304e-01, -2.7534e-02, -7.5363e-02, -4.6815e-02, -2.6846e-02],
         [-8.6473e-02, -6.3742e-02, -3.1499e-02,  9.8329e-02,  4.7644e-02,
           1.1770e-01, -4.2729e-02, -1.0212e-01, -3.4738e-02, -4.8263e-02],
         [-8.9402e-02, -2.3168e-02, -1.8155e-02,  5.1720e-02,  5.1698e-02,
           1.6019e-01,  3.1831e-02, -8.1848e-02, -9.5165e-02, -8.8010e-03],
         [-1.3199e-01, -7.8285e-02, -3.9594e-02,  1.4870e-01,  2.0039e-02,
           1.2000e-01,  1.0407e-02, -7.2798e-02, -6.4334e-02, -3.9612e-02]],

        [[-1.2735e-01, -6.4705e-02, -4.8965e-02,  1.1172e-01,  5.1643e-02,
           1.3900e-01,  1.0126e-02, -6.0278e-02, -5.1988e-02, -4.0879e-02],
         [-1.6403e-01, -4.7916e-02, -3.4443e-02,  4.6499e-02,  6.9792e-02,
           1.2192e-01, -3.1011e-02, -1.2565e-01, -5.4576e-02, -4.7188e-02],
         [-1.2887e-01, -1.0894e-02, -5.6678e-02,  5.1124e-02,  4.6988e-02,
           1.7106e-01,  5.5063e-02, -9.4986e-02, -5.8207e-02, -6.4380e-03],
         [-9.4218e-02, -6.2958e-02, -8.4679e-03,  4.5632e-02,  6.7144e-02,
           1.1962e-01, -9.6096e-02, -1.3910e-01, -5.6758e-02, -6.5833e-02],
         [-9.8682e-02, -6.0884e-02, -3.7049e-02,  9.7865e-02,  2.3239e-02,
           1.3464e-01, -1.3313e-02, -9.3607e-02, -6.5461e-02, -3.5313e-02],
         [-1.1267e-01, -3.9601e-02, -7.7066e-02,  4.7394e-02,  5.2063e-02,
           1.4107e-01,  5.2786e-02, -6.2841e-02, -4.9935e-02, -1.9220e-02],
         [-9.9978e-02, -4.3904e-02, -3.6217e-02,  1.3692e-01,  6.0732e-03,
           1.4514e-01, -2.7273e-02, -7.1027e-02, -4.6227e-02, -3.0085e-02],
         [-8.4040e-02, -6.5357e-02, -2.9865e-02,  9.5404e-02,  4.9280e-02,
           1.1824e-01, -4.2390e-02, -1.0216e-01, -3.5909e-02, -5.0437e-02],
         [-8.6916e-02, -2.4010e-02, -1.6856e-02,  5.2983e-02,  5.1778e-02,
           1.5902e-01,  3.1797e-02, -8.3301e-02, -9.7206e-02, -6.4849e-03],
         [-1.3439e-01, -8.0012e-02, -3.8398e-02,  1.4824e-01,  1.9188e-02,
           1.2124e-01,  1.1515e-02, -7.2179e-02, -6.4600e-02, -4.1498e-02]],

        [[-1.2678e-01, -6.4298e-02, -4.7430e-02,  1.0893e-01,  5.1860e-02,
           1.3986e-01,  1.0401e-02, -6.1841e-02, -5.1183e-02, -4.3272e-02],
         [-1.5913e-01, -4.9478e-02, -3.3823e-02,  4.7800e-02,  6.8631e-02,
           1.2477e-01, -3.2098e-02, -1.2203e-01, -5.5350e-02, -4.7414e-02],
         [-1.2834e-01, -1.3709e-02, -5.4479e-02,  5.0187e-02,  5.0221e-02,
           1.6942e-01,  5.2325e-02, -9.3078e-02, -5.6694e-02, -9.8449e-03],
         [-9.6949e-02, -6.0799e-02, -9.3735e-03,  4.4864e-02,  6.4699e-02,
           1.1970e-01, -9.4489e-02, -1.3926e-01, -5.9404e-02, -6.5258e-02],
         [-9.7835e-02, -6.1087e-02, -3.4923e-02,  1.0054e-01,  2.5373e-02,
           1.3498e-01, -1.3847e-02, -9.2875e-02, -6.3159e-02, -3.5504e-02],
         [-1.1100e-01, -4.0124e-02, -7.6279e-02,  4.7737e-02,  5.5383e-02,
           1.4046e-01,  5.2287e-02, -6.2622e-02, -4.8607e-02, -1.8471e-02],
         [-9.8702e-02, -4.2844e-02, -3.4921e-02,  1.3431e-01,  7.4720e-03,
           1.4355e-01, -2.8191e-02, -7.3192e-02, -4.4868e-02, -3.1012e-02],
         [-8.5608e-02, -6.6227e-02, -3.2609e-02,  9.5070e-02,  4.7030e-02,
           1.1776e-01, -4.0085e-02, -1.0190e-01, -3.3959e-02, -5.1437e-02],
         [-8.8081e-02, -2.2598e-02, -1.8107e-02,  5.1146e-02,  5.1767e-02,
           1.6006e-01,  3.0505e-02, -8.0335e-02, -9.4661e-02, -4.7874e-03],
         [-1.3290e-01, -7.9419e-02, -3.9083e-02,  1.4923e-01,  2.0811e-02,
           1.2007e-01,  1.1961e-02, -7.2987e-02, -6.4576e-02, -3.9623e-02]],

        [[-1.3114e-01, -6.2668e-02, -4.7197e-02,  1.1263e-01,  5.5157e-02,
           1.4056e-01,  1.2660e-02, -6.7263e-02, -4.9368e-02, -3.9370e-02],
         [-1.5372e-01, -4.6955e-02, -3.4787e-02,  4.7283e-02,  7.2876e-02,
           1.2488e-01, -3.9323e-02, -1.2147e-01, -5.3066e-02, -5.5272e-02],
         [-1.3124e-01, -1.3501e-02, -6.0373e-02,  4.9400e-02,  4.9570e-02,
           1.6888e-01,  5.1114e-02, -9.2542e-02, -5.3154e-02, -1.2782e-02],
         [-9.4141e-02, -6.6658e-02, -9.6842e-03,  4.7485e-02,  6.4667e-02,
           1.1698e-01, -9.6153e-02, -1.3548e-01, -5.5402e-02, -7.1440e-02],
         [-1.0206e-01, -6.1600e-02, -3.2776e-02,  9.5323e-02,  2.8876e-02,
           1.3556e-01, -7.0111e-03, -9.2826e-02, -6.3436e-02, -3.7588e-02],
         [-1.1478e-01, -4.1918e-02, -7.3930e-02,  4.4688e-02,  5.5104e-02,
           1.3820e-01,  5.6437e-02, -6.1515e-02, -5.1825e-02, -1.8384e-02],
         [-9.6195e-02, -4.0612e-02, -3.4938e-02,  1.3371e-01,  6.9106e-03,
           1.4226e-01, -2.7746e-02, -7.5385e-02, -4.7193e-02, -2.7711e-02],
         [-8.5400e-02, -6.3882e-02, -3.0391e-02,  9.8363e-02,  5.0036e-02,
           1.1841e-01, -4.5668e-02, -1.0236e-01, -3.6240e-02, -4.8682e-02],
         [-8.9762e-02, -2.2308e-02, -1.6142e-02,  5.0788e-02,  5.3262e-02,
           1.6284e-01,  3.5510e-02, -8.3665e-02, -9.7329e-02, -7.1428e-03],
         [-1.3243e-01, -7.7335e-02, -3.8603e-02,  1.4749e-01,  1.9596e-02,
           1.2080e-01,  1.0531e-02, -7.4375e-02, -6.6059e-02, -3.7345e-02]],

        [[-1.2795e-01, -6.4784e-02, -4.6379e-02,  1.0907e-01,  5.4908e-02,
           1.3855e-01,  1.1120e-02, -6.1169e-02, -5.2076e-02, -4.4053e-02],
         [-1.5853e-01, -5.0645e-02, -3.4829e-02,  4.8473e-02,  6.9344e-02,
           1.2236e-01, -3.2882e-02, -1.2236e-01, -5.4020e-02, -4.7583e-02],
         [-1.2476e-01, -1.2186e-02, -6.0945e-02,  4.5016e-02,  4.1730e-02,
           1.7830e-01,  5.5977e-02, -9.2023e-02, -6.3274e-02, -3.8454e-03],
         [-9.2913e-02, -6.6725e-02, -9.1608e-03,  4.4636e-02,  6.4815e-02,
           1.1804e-01, -9.3194e-02, -1.3791e-01, -5.9892e-02, -7.0182e-02],
         [-9.9240e-02, -6.0248e-02, -3.7166e-02,  9.9054e-02,  2.2874e-02,
           1.3685e-01, -1.0990e-02, -9.1124e-02, -6.4243e-02, -3.4364e-02],
         [-1.1138e-01, -3.7525e-02, -7.5777e-02,  4.7382e-02,  5.7206e-02,
           1.4208e-01,  5.1815e-02, -6.4325e-02, -4.5782e-02, -1.8842e-02],
         [-9.7199e-02, -4.2363e-02, -3.3807e-02,  1.3629e-01,  1.0753e-02,
           1.4281e-01, -2.9517e-02, -7.7041e-02, -4.3465e-02, -3.0754e-02],
         [-8.4765e-02, -6.5424e-02, -2.9650e-02,  9.6898e-02,  5.0646e-02,
           1.1732e-01, -4.4074e-02, -1.0241e-01, -3.6352e-02, -5.0157e-02],
         [-8.8391e-02, -2.2738e-02, -1.8074e-02,  4.8968e-02,  5.1090e-02,
           1.6213e-01,  2.8465e-02, -7.9342e-02, -9.4467e-02, -2.1962e-03],
         [-1.3314e-01, -8.0037e-02, -3.8957e-02,  1.5038e-01,  2.0193e-02,
           1.2013e-01,  1.1388e-02, -7.4159e-02, -6.5083e-02, -3.8880e-02]],

        [[-1.2450e-01, -6.4960e-02, -4.8797e-02,  1.0948e-01,  5.1756e-02,
           1.3826e-01,  8.1559e-03, -5.7778e-02, -5.2344e-02, -4.4768e-02],
         [-1.6265e-01, -5.1324e-02, -3.1630e-02,  4.9119e-02,  6.7810e-02,
           1.2379e-01, -2.9685e-02, -1.2343e-01, -5.3202e-02, -4.3559e-02],
         [-1.2366e-01, -1.0810e-02, -5.7943e-02,  4.7871e-02,  3.9399e-02,
           1.8211e-01,  5.4004e-02, -9.2576e-02, -6.6828e-02, -1.2691e-03],
         [-8.7650e-02, -6.3449e-02, -6.8819e-03,  4.3881e-02,  6.3937e-02,
           1.2198e-01, -8.7394e-02, -1.3994e-01, -6.5789e-02, -6.3299e-02],
         [-9.5828e-02, -5.7964e-02, -4.0710e-02,  9.7347e-02,  1.7470e-02,
           1.3568e-01, -1.4902e-02, -9.0603e-02, -6.4066e-02, -3.2107e-02],
         [-1.1003e-01, -3.5037e-02, -7.5336e-02,  5.0660e-02,  5.2290e-02,
           1.4394e-01,  4.8796e-02, -6.9166e-02, -4.2380e-02, -1.6983e-02],
         [-9.8709e-02, -4.2175e-02, -3.4854e-02,  1.3892e-01,  1.0305e-02,
           1.4379e-01, -2.7573e-02, -7.5402e-02, -4.4415e-02, -2.8032e-02],
         [-8.5543e-02, -6.7148e-02, -2.9214e-02,  9.4724e-02,  4.7079e-02,
           1.1690e-01, -4.2335e-02, -1.0316e-01, -3.6005e-02, -5.1908e-02],
         [-9.2055e-02, -2.6342e-02, -2.0262e-02,  5.1060e-02,  4.8780e-02,
           1.5931e-01,  2.6795e-02, -8.0081e-02, -9.1395e-02, -7.3102e-03],
         [-1.3096e-01, -8.0614e-02, -3.7912e-02,  1.4842e-01,  2.5595e-02,
           1.1599e-01,  1.1970e-02, -7.3366e-02, -6.2272e-02, -4.2707e-02]],

        [[-1.3001e-01, -5.9812e-02, -4.9351e-02,  1.1704e-01,  4.7103e-02,
           1.4435e-01,  7.5491e-03, -6.5115e-02, -4.4833e-02, -3.6734e-02],
         [-1.6266e-01, -4.4000e-02, -2.9528e-02,  4.3748e-02,  7.9075e-02,
           1.2535e-01, -4.5842e-02, -1.2881e-01, -4.8144e-02, -6.1378e-02],
         [-1.3821e-01, -1.1389e-02, -5.9793e-02,  5.2875e-02,  5.0903e-02,
           1.6289e-01,  4.7948e-02, -9.7433e-02, -4.1672e-02, -1.8408e-02],
         [-9.7816e-02, -6.0977e-02, -9.2616e-03,  5.4272e-02,  6.3377e-02,
           1.1829e-01, -9.6599e-02, -1.3353e-01, -4.5679e-02, -6.4370e-02],
         [-1.0181e-01, -6.1051e-02, -3.0406e-02,  8.4722e-02,  3.2511e-02,
           1.3378e-01, -9.9214e-03, -9.6482e-02, -6.0164e-02, -4.0726e-02],
         [-1.1733e-01, -5.0059e-02, -7.2449e-02,  4.0521e-02,  4.5013e-02,
           1.3585e-01,  6.0113e-02, -6.1234e-02, -6.2932e-02, -1.2199e-02],
         [-1.0278e-01, -4.0032e-02, -3.8946e-02,  1.3258e-01, -6.1010e-03,
           1.4977e-01, -2.5261e-02, -6.6946e-02, -5.0924e-02, -2.5994e-02],
         [-8.3715e-02, -6.3758e-02, -4.2856e-02,  1.0192e-01,  3.6990e-02,
           1.2000e-01, -3.6840e-02, -9.2507e-02, -3.6801e-02, -4.8523e-02],
         [-9.6109e-02, -2.0705e-02, -1.4138e-02,  5.4083e-02,  4.5647e-02,
           1.5801e-01,  4.1317e-02, -9.5892e-02, -9.1466e-02, -1.1830e-02],
         [-1.2734e-01, -7.2517e-02, -3.9963e-02,  1.4083e-01,  1.8677e-02,
           1.2142e-01,  4.5953e-03, -7.2328e-02, -6.4574e-02, -3.7928e-02]],

        [[-1.2663e-01, -6.0011e-02, -4.9921e-02,  1.1075e-01,  5.3399e-02,
           1.4149e-01,  9.8468e-03, -5.5166e-02, -5.2381e-02, -4.2567e-02],
         [-1.6116e-01, -4.8518e-02, -2.9911e-02,  5.0639e-02,  7.4239e-02,
           1.2318e-01, -3.9421e-02, -1.2550e-01, -5.0620e-02, -4.9742e-02],
         [-1.2720e-01, -5.4314e-03, -6.8254e-02,  4.1938e-02,  3.4674e-02,
           1.8798e-01,  5.4774e-02, -9.1941e-02, -6.6025e-02,  7.2357e-04],
         [-8.2121e-02, -6.6876e-02, -6.8082e-03,  5.1130e-02,  6.6031e-02,
           1.1788e-01, -9.3086e-02, -1.3475e-01, -5.8491e-02, -6.3890e-02],
         [-9.3606e-02, -5.4101e-02, -3.8648e-02,  8.5527e-02,  2.2344e-02,
           1.3603e-01, -7.8996e-03, -9.2745e-02, -6.6419e-02, -3.3145e-02],
         [-1.1510e-01, -3.7603e-02, -7.4144e-02,  4.8104e-02,  4.7747e-02,
           1.4166e-01,  5.2173e-02, -6.9010e-02, -4.3445e-02, -1.3502e-02],
         [-9.9891e-02, -3.9309e-02, -3.4590e-02,  1.4145e-01,  8.1102e-03,
           1.4461e-01, -2.8658e-02, -7.8169e-02, -4.6767e-02, -2.5011e-02],
         [-8.2304e-02, -6.4217e-02, -2.7866e-02,  9.7993e-02,  5.1334e-02,
           1.1740e-01, -4.6787e-02, -1.0311e-01, -3.7315e-02, -5.0814e-02],
         [-9.3270e-02, -2.7167e-02, -2.0243e-02,  5.4008e-02,  4.8640e-02,
           1.5819e-01,  3.1139e-02, -8.2887e-02, -9.0116e-02, -1.2025e-02],
         [-1.2789e-01, -7.7827e-02, -3.8043e-02,  1.4572e-01,  2.5564e-02,
           1.1532e-01,  8.0957e-03, -7.2948e-02, -6.1013e-02, -4.2619e-02]],

        [[-1.2472e-01, -6.3682e-02, -4.5973e-02,  1.0798e-01,  5.3282e-02,
           1.3846e-01,  9.1735e-03, -6.0268e-02, -5.1821e-02, -4.5090e-02],
         [-1.5888e-01, -5.2357e-02, -3.3788e-02,  4.8659e-02,  6.5871e-02,
           1.2218e-01, -3.0061e-02, -1.2325e-01, -5.4560e-02, -4.3779e-02],
         [-1.2163e-01, -1.0044e-02, -6.0046e-02,  4.5753e-02,  4.1073e-02,
           1.7995e-01,  5.2921e-02, -9.4980e-02, -6.3179e-02, -1.1323e-03],
         [-8.8743e-02, -6.4140e-02, -7.0988e-03,  4.4471e-02,  6.4257e-02,
           1.1881e-01, -8.8108e-02, -1.3966e-01, -6.3879e-02, -6.7122e-02],
         [-9.5891e-02, -5.7430e-02, -3.9166e-02,  9.8468e-02,  2.2731e-02,
           1.3735e-01, -1.3052e-02, -9.1043e-02, -6.2554e-02, -3.1749e-02],
         [-1.0854e-01, -3.6256e-02, -7.6533e-02,  4.8162e-02,  5.6370e-02,
           1.4324e-01,  4.8482e-02, -6.8241e-02, -4.4888e-02, -1.8254e-02],
         [-9.8500e-02, -4.3598e-02, -3.2787e-02,  1.3407e-01,  9.8639e-03,
           1.4297e-01, -2.9211e-02, -7.5573e-02, -4.2837e-02, -3.2037e-02],
         [-8.3799e-02, -6.6599e-02, -3.1975e-02,  9.5915e-02,  4.7904e-02,
           1.1854e-01, -4.0779e-02, -1.0051e-01, -3.4764e-02, -5.2877e-02],
         [-9.1296e-02, -2.3024e-02, -1.9505e-02,  4.9409e-02,  4.9839e-02,
           1.6109e-01,  2.7250e-02, -7.7392e-02, -9.2240e-02, -1.3683e-03],
         [-1.3114e-01, -7.9722e-02, -3.8858e-02,  1.4903e-01,  2.2939e-02,
           1.1871e-01,  1.1472e-02, -7.3605e-02, -6.3970e-02, -3.9669e-02]],

        [[-1.2514e-01, -6.6649e-02, -4.7697e-02,  1.1137e-01,  5.1699e-02,
           1.3781e-01,  8.2443e-03, -6.1064e-02, -4.9666e-02, -4.4421e-02],
         [-1.6159e-01, -4.9621e-02, -3.0665e-02,  4.7674e-02,  7.0202e-02,
           1.2619e-01, -3.0547e-02, -1.2376e-01, -5.3902e-02, -4.6714e-02],
         [-1.2798e-01, -1.5297e-02, -5.5874e-02,  5.1017e-02,  4.3962e-02,
           1.7605e-01,  5.4023e-02, -8.8975e-02, -6.2196e-02, -1.0884e-02],
         [-9.0312e-02, -6.2987e-02, -9.7519e-03,  4.4400e-02,  6.4196e-02,
           1.1822e-01, -9.0749e-02, -1.3911e-01, -6.5343e-02, -6.4913e-02],
         [-9.5429e-02, -6.0477e-02, -3.7733e-02,  9.8756e-02,  2.1550e-02,
           1.3333e-01, -1.3963e-02, -8.9599e-02, -6.3282e-02, -3.4880e-02],
         [-1.0965e-01, -3.6198e-02, -7.4990e-02,  4.8235e-02,  5.3816e-02,
           1.4277e-01,  5.0527e-02, -6.9133e-02, -4.5956e-02, -1.6849e-02],
         [-9.7265e-02, -3.9748e-02, -3.5051e-02,  1.3489e-01,  8.2770e-03,
           1.4246e-01, -2.6144e-02, -7.5600e-02, -4.5181e-02, -2.6855e-02],
         [-8.8739e-02, -6.7874e-02, -2.9768e-02,  9.4301e-02,  4.4439e-02,
           1.1556e-01, -4.0146e-02, -1.0466e-01, -3.4768e-02, -5.1650e-02],
         [-9.2444e-02, -2.5758e-02, -1.9497e-02,  5.4175e-02,  4.9019e-02,
           1.5739e-01,  2.7427e-02, -8.1318e-02, -9.2707e-02, -1.0329e-02],
         [-1.3098e-01, -7.9475e-02, -3.8622e-02,  1.4778e-01,  2.5857e-02,
           1.1581e-01,  1.2152e-02, -7.3347e-02, -6.4219e-02, -4.1122e-02]],

        [[-1.2830e-01, -5.8522e-02, -4.7970e-02,  1.0719e-01,  5.3774e-02,
           1.4191e-01,  1.1075e-02, -5.5134e-02, -5.2033e-02, -4.5112e-02],
         [-1.6038e-01, -4.8361e-02, -2.6362e-02,  5.2495e-02,  7.6346e-02,
           1.2343e-01, -4.5241e-02, -1.2905e-01, -4.7468e-02, -5.1253e-02],
         [-1.2488e-01, -3.0952e-03, -7.3518e-02,  3.8473e-02,  2.9711e-02,
           1.9183e-01,  5.1418e-02, -9.1322e-02, -6.1592e-02,  3.1449e-03],
         [-7.9202e-02, -6.6196e-02, -3.9214e-03,  5.4194e-02,  6.5910e-02,
           1.1424e-01, -9.2623e-02, -1.3896e-01, -5.5970e-02, -6.2101e-02],
         [-9.5182e-02, -5.3262e-02, -3.9623e-02,  8.4592e-02,  2.3460e-02,
           1.3731e-01, -3.9813e-04, -9.2557e-02, -6.7143e-02, -3.1896e-02],
         [-1.1530e-01, -3.6530e-02, -7.4189e-02,  4.7446e-02,  5.1079e-02,
           1.4117e-01,  5.3956e-02, -6.7825e-02, -4.3392e-02, -1.1695e-02],
         [-1.0190e-01, -3.8562e-02, -3.3676e-02,  1.4153e-01,  7.6291e-03,
           1.4329e-01, -3.0303e-02, -8.0262e-02, -4.3411e-02, -2.4196e-02],
         [-8.2590e-02, -6.3189e-02, -2.9398e-02,  9.8705e-02,  5.1768e-02,
           1.1760e-01, -4.6865e-02, -1.0321e-01, -3.7478e-02, -5.0082e-02],
         [-9.3341e-02, -2.5151e-02, -1.9077e-02,  5.3927e-02,  4.9846e-02,
           1.6066e-01,  3.2777e-02, -8.2147e-02, -9.0084e-02, -1.1811e-02],
         [-1.2899e-01, -7.6260e-02, -3.8064e-02,  1.4557e-01,  2.4498e-02,
           1.1735e-01,  9.2162e-03, -7.4373e-02, -6.3668e-02, -3.8193e-02]],

        [[-1.2946e-01, -5.7448e-02, -4.8096e-02,  1.1581e-01,  4.8539e-02,
           1.4619e-01,  8.2683e-03, -6.4226e-02, -4.3769e-02, -3.8142e-02],
         [-1.6103e-01, -4.5935e-02, -2.6706e-02,  4.4428e-02,  7.8205e-02,
           1.2740e-01, -4.8467e-02, -1.2996e-01, -4.4823e-02, -6.2102e-02],
         [-1.3754e-01, -1.0801e-02, -6.0461e-02,  5.1689e-02,  4.9587e-02,
           1.6827e-01,  4.7025e-02, -9.4885e-02, -4.6396e-02, -1.5771e-02],
         [-9.4438e-02, -6.0329e-02, -8.3033e-03,  5.5111e-02,  6.5397e-02,
           1.1740e-01, -9.8994e-02, -1.3412e-01, -4.6646e-02, -6.2632e-02],
         [-1.0460e-01, -5.7707e-02, -3.1946e-02,  8.1900e-02,  3.1727e-02,
           1.3737e-01, -5.0060e-03, -9.5707e-02, -6.3281e-02, -3.8563e-02],
         [-1.1797e-01, -4.8450e-02, -7.2528e-02,  4.1998e-02,  4.4840e-02,
           1.3542e-01,  5.8193e-02, -6.1637e-02, -5.9306e-02, -1.0878e-02],
         [-1.0126e-01, -3.7911e-02, -3.8360e-02,  1.3257e-01, -3.3056e-03,
           1.4795e-01, -2.5079e-02, -7.1042e-02, -5.0634e-02, -2.3393e-02],
         [-8.4332e-02, -6.2204e-02, -4.1415e-02,  1.0186e-01,  3.6517e-02,
           1.2021e-01, -3.9507e-02, -9.3643e-02, -3.4862e-02, -4.7981e-02],
         [-9.9322e-02, -2.0287e-02, -1.5305e-02,  5.3885e-02,  4.5658e-02,
           1.5784e-01,  4.2644e-02, -9.5032e-02, -8.9376e-02, -1.3821e-02],
         [-1.2585e-01, -7.1572e-02, -4.0046e-02,  1.3948e-01,  1.9651e-02,
           1.2072e-01,  5.9021e-03, -7.1688e-02, -6.5030e-02, -3.7375e-02]],

        [[-1.3072e-01, -5.3897e-02, -4.7658e-02,  1.1465e-01,  5.1300e-02,
           1.4708e-01,  1.0433e-02, -6.1447e-02, -4.5073e-02, -3.7224e-02],
         [-1.6055e-01, -4.4930e-02, -2.5989e-02,  4.6662e-02,  7.8039e-02,
           1.2742e-01, -5.2110e-02, -1.3039e-01, -4.4744e-02, -6.0437e-02],
         [-1.3365e-01, -8.3486e-03, -6.4631e-02,  4.7413e-02,  4.4388e-02,
           1.7386e-01,  4.7782e-02, -9.3040e-02, -4.6781e-02, -1.1540e-02],
         [-8.9143e-02, -6.0513e-02, -6.7677e-03,  5.7021e-02,  6.8644e-02,
           1.1500e-01, -9.9423e-02, -1.3596e-01, -4.6274e-02, -6.2966e-02],
         [-1.0431e-01, -5.5325e-02, -3.2459e-02,  7.9130e-02,  3.1643e-02,
           1.3824e-01,  6.0606e-04, -9.6537e-02, -6.5154e-02, -3.6460e-02],
         [-1.1736e-01, -4.8554e-02, -7.4043e-02,  4.3725e-02,  4.3062e-02,
           1.3365e-01,  5.8044e-02, -6.1206e-02, -5.5619e-02, -9.6018e-03],
         [-1.0116e-01, -3.8628e-02, -3.6502e-02,  1.3421e-01, -9.1119e-04,
           1.4562e-01, -2.5984e-02, -7.3346e-02, -4.8514e-02, -2.2968e-02],
         [-8.2443e-02, -6.3197e-02, -3.9665e-02,  1.0315e-01,  4.2637e-02,
           1.1789e-01, -4.2346e-02, -9.5610e-02, -3.5236e-02, -4.9630e-02],
         [-9.7628e-02, -1.8945e-02, -1.5484e-02,  5.2539e-02,  4.7487e-02,
           1.6084e-01,  4.4339e-02, -9.2767e-02, -9.0754e-02, -1.2658e-02],
         [-1.2478e-01, -7.0184e-02, -3.9569e-02,  1.4040e-01,  2.0844e-02,
           1.2002e-01,  5.4823e-03, -7.2091e-02, -6.5070e-02, -3.5478e-02]],

        [[-1.2551e-01, -6.2890e-02, -4.9260e-02,  1.1110e-01,  5.0256e-02,
           1.4121e-01,  7.4967e-03, -5.7495e-02, -4.9288e-02, -4.4363e-02],
         [-1.6317e-01, -4.8849e-02, -2.7233e-02,  4.8122e-02,  7.3913e-02,
           1.3042e-01, -3.8892e-02, -1.2604e-01, -5.1645e-02, -5.2325e-02],
         [-1.3246e-01, -8.9617e-03, -5.9199e-02,  4.8432e-02,  4.4343e-02,
           1.7810e-01,  5.1000e-02, -9.0625e-02, -6.0315e-02, -8.2572e-03],
         [-8.8948e-02, -6.1504e-02, -9.1750e-03,  4.8683e-02,  6.7871e-02,
           1.1712e-01, -9.5421e-02, -1.3681e-01, -5.9017e-02, -6.2368e-02],
         [-9.7326e-02, -5.9400e-02, -3.6595e-02,  9.0558e-02,  2.3427e-02,
           1.3050e-01, -8.9167e-03, -9.4110e-02, -6.4802e-02, -3.6642e-02],
         [-1.1349e-01, -3.8297e-02, -7.3072e-02,  4.6664e-02,  5.0225e-02,
           1.4192e-01,  5.2879e-02, -6.9631e-02, -4.7288e-02, -1.2731e-02],
         [-9.8753e-02, -3.8917e-02, -3.5971e-02,  1.3543e-01,  5.4037e-03,
           1.4339e-01, -2.4952e-02, -7.5866e-02, -4.6958e-02, -2.4711e-02],
         [-8.8394e-02, -6.5747e-02, -3.1390e-02,  9.6087e-02,  4.4109e-02,
           1.1534e-01, -4.1416e-02, -1.0518e-01, -3.5414e-02, -5.0180e-02],
         [-9.5163e-02, -2.7340e-02, -2.0255e-02,  5.6340e-02,  4.6525e-02,
           1.5631e-01,  2.8787e-02, -8.5617e-02, -8.9063e-02, -1.6667e-02],
         [-1.2841e-01, -7.7206e-02, -3.9038e-02,  1.4527e-01,  2.6921e-02,
           1.1400e-01,  9.2673e-03, -7.3281e-02, -6.2905e-02, -4.0727e-02]],

        [[-1.2996e-01, -5.5064e-02, -4.8671e-02,  1.1214e-01,  5.3433e-02,
           1.4189e-01,  8.7787e-03, -6.1993e-02, -4.5654e-02, -3.4458e-02],
         [-1.7149e-01, -4.5188e-02, -2.8955e-02,  4.6448e-02,  7.7814e-02,
           1.1975e-01, -4.5626e-02, -1.3407e-01, -5.0641e-02, -5.6401e-02],
         [-1.3408e-01,  7.3259e-03, -7.4657e-02,  4.9672e-02,  3.7706e-02,
           1.7875e-01,  5.3856e-02, -1.0520e-01, -4.9977e-02,  9.2110e-03],
         [-8.1692e-02, -5.9872e-02, -3.6766e-03,  5.4142e-02,  7.0936e-02,
           1.1631e-01, -9.8204e-02, -1.4118e-01, -4.1379e-02, -6.3643e-02],
         [-9.1872e-02, -5.3644e-02, -4.0467e-02,  7.9843e-02,  2.7858e-02,
           1.3719e-01,  1.4328e-04, -9.6756e-02, -7.4291e-02, -3.2385e-02],
         [-1.2043e-01, -4.6986e-02, -7.7398e-02,  4.4695e-02,  4.0103e-02,
           1.3467e-01,  5.5046e-02, -6.3054e-02, -5.4117e-02, -1.4141e-02],
         [-1.0527e-01, -4.6189e-02, -3.5582e-02,  1.3871e-01, -3.5496e-03,
           1.4918e-01, -2.6748e-02, -6.6410e-02, -5.0280e-02, -3.0098e-02],
         [-7.5268e-02, -6.1781e-02, -3.4327e-02,  9.9193e-02,  5.0725e-02,
           1.2317e-01, -4.3115e-02, -9.5546e-02, -3.8159e-02, -5.0168e-02],
         [-9.2410e-02, -1.8917e-02, -1.2775e-02,  5.1864e-02,  5.2823e-02,
           1.6146e-01,  4.4625e-02, -8.9484e-02, -9.7920e-02, -6.5288e-03],
         [-1.2769e-01, -7.2333e-02, -3.8772e-02,  1.4255e-01,  1.7975e-02,
           1.2228e-01,  5.9456e-03, -7.2331e-02, -6.4892e-02, -3.6532e-02]],

        [[-1.2605e-01, -6.6347e-02, -4.7569e-02,  1.0723e-01,  5.2575e-02,
           1.3717e-01,  9.1989e-03, -5.3049e-02, -5.5566e-02, -4.8600e-02],
         [-1.6352e-01, -5.1473e-02, -3.1567e-02,  5.1288e-02,  6.9858e-02,
           1.2184e-01, -3.1595e-02, -1.2401e-01, -5.3186e-02, -4.3109e-02],
         [-1.2026e-01, -1.0263e-02, -6.4118e-02,  3.9737e-02,  3.1487e-02,
           1.8977e-01,  5.6710e-02, -9.0414e-02, -6.9324e-02,  1.4724e-03],
         [-8.5494e-02, -6.6319e-02, -5.1623e-03,  4.6000e-02,  6.1378e-02,
           1.1733e-01, -8.5909e-02, -1.4117e-01, -6.4877e-02, -6.3666e-02],
         [-9.6130e-02, -5.8121e-02, -4.0846e-02,  9.4298e-02,  1.5472e-02,
           1.3710e-01, -1.0637e-02, -8.8690e-02, -6.2201e-02, -3.0626e-02],
         [-1.0791e-01, -3.4710e-02, -7.5075e-02,  5.0714e-02,  5.4907e-02,
           1.4428e-01,  4.8496e-02, -6.8663e-02, -3.9718e-02, -1.6577e-02],
         [-9.9016e-02, -4.1687e-02, -3.3372e-02,  1.3976e-01,  1.2985e-02,
           1.4343e-01, -3.0475e-02, -7.9053e-02, -3.9872e-02, -2.9036e-02],
         [-8.6050e-02, -6.7055e-02, -2.9322e-02,  9.5529e-02,  4.9181e-02,
           1.1635e-01, -4.3309e-02, -1.0403e-01, -3.5832e-02, -5.2367e-02],
         [-9.3549e-02, -2.5448e-02, -2.0070e-02,  5.0497e-02,  4.7512e-02,
           1.6020e-01,  2.4635e-02, -7.8555e-02, -8.9882e-02, -4.0963e-03],
         [-1.3115e-01, -8.1201e-02, -3.7308e-02,  1.4874e-01,  2.5867e-02,
           1.1583e-01,  1.1692e-02, -7.4094e-02, -6.2544e-02, -4.2583e-02]]],
       grad_fn=<CatBackward>)
